1.00000000
0.99481865
0.98963731
0.97927461
0.97409326
0.96891192
0.95336788
0.94818653
0.94300518
0.93782383
0.93264249
0.92746114
0.92227979
0.91191710
0.90673575
0.89637306
0.89119171
0.88601036
0.88082902
0.87564767
0.87046632
0.86528497
0.86010363
0.85492228
0.84974093
0.84455959
0.83937824
0.83419689
0.81865285
0.81347150
0.79792746
0.79274611
0.76683938
0.75129534
0.74611399
0.74093264
0.73575130
0.73056995
0.72538860
0.72020725
0.68393782
0.67875648
0.67357513
0.66839378
0.65803109
0.65284974
0.64766839
0.63212435
0.62176166
0.60621762
0.60103627
0.59067358
0.58031088
0.57512953
0.56994819
0.55958549
0.54922280
0.54404145
0.53886010
0.53367876
0.52849741
0.52331606
0.51295337
0.48704663
0.47668394
0.46632124
0.45595855
0.44559585
0.43523316
0.43005181
0.41968912
0.41450777
0.40932642
0.39896373
0.38860104
0.38341969
0.33678756
0.33160622
0.32124352
0.30569948
0.30051813
0.29015544
0.26424870
0.23834197
0.22279793
0.16062176
0.16062176
0.13989637
0.12953368
0.07253886
0.07253886
0.05699482
0.02072539
0.01554404
0.01554404
0.01554404
0.01554404
0.01554404
0.01554404
0.01554404
0.01554404
0.01554404
0.01554404
0.01554404
0.01554404
0.00518135
0.00518135
0.00518135
0.00518135
0.00518135
0.00518135
0.00518135
0.00518135
0.00518135
0.00518135
0.00518135
0.00518135
0.00518135
0.00518135
0.00518135
0.00518135
0.00518135
0.00518135
0.00518135
0.00518135
0.00518135
0.00518135
0.00518135
0.00518135
0.00518135
0.00518135
0.00518135
0.00518135
0.00518135
0.00518135
0.00518135
0.00518135
0.00518135
0.00518135
0.00518135
0.00518135
0.00518135
0.00518135
0.00518135
0.00518135
0.00518135
0.00518135
0.00518135
0.00518135
0.00518135
0.00518135
0.00518135
0.00518135
0.00518135
0.00518135
0.00518135
0.00518135
0.00518135
0.00518135
0.00518135
0.00518135
0.00518135
0.00518135
0.00518135
0.00518135
0.00518135
0.00518135
0.00518135
0.00518135
0.00518135
0.00518135
0.00518135
0.00518135
0.00518135
0.00518135
0.00518135
0.00518135
0.00518135
0.00518135
0.00518135
0.00518135
0.00518135
0.00518135
0.00518135
0.00518135
0.00518135
0.00518135
0.00518135
0.00518135
0.00518135
0.00518135
0.00518135
0.00518135
0.00518135
0.00518135
0.00518135
0.00518135
0.00518135
0.00518135
0.00518135
0.00518135
0.00518135
0.00518135
0.00518135
0.00518135
0.00518135
0.00518135
0.00518135
0.00518135
0.00518135
0.00518135
0.00518135
0.00518135
0.00518135
0.26466031
0.00000000
