1.00000000
0.99520070
0.98952880
0.98647469
0.98385689
0.98254799
0.98167539
0.98123909
0.97818499
0.97469459
0.96989529
0.96509599
0.96029668
0.95811518
0.95506108
0.95200698
0.95026178
0.94764398
0.94371728
0.94022688
0.93106457
0.92888307
0.92539267
0.92059337
0.91841187
0.91492147
0.91230366
0.90968586
0.90706806
0.90532286
0.90226876
0.90052356
0.89616056
0.89048866
0.88874346
0.88743455
0.88568935
0.88176265
0.88045375
0.87870855
0.87390925
0.87172775
0.86910995
0.86736475
0.86561955
0.86300175
0.85820244
0.85514834
0.85078534
0.84729494
0.84424084
0.84293194
0.84118674
0.83944154
0.83551483
0.83289703
0.83027923
0.82722513
0.82417103
0.81893543
0.81544503
0.81282723
0.80802792
0.80715532
0.80497382
0.80322862
0.79973822
0.79799302
0.79450262
0.79144852
0.78839442
0.78577661
0.78272251
0.78010471
0.77879581
0.77574171
0.77268761
0.77094241
0.76963351
0.76788831
0.76701571
0.76396161
0.76178010
0.76134380
0.75654450
0.75567190
0.75305410
0.75087260
0.74694590
0.74476440
0.74258290
0.73996510
0.73821990
0.73560209
0.73342059
0.73036649
0.72774869
0.72469459
0.72425829
0.72120419
0.71945899
0.71640489
0.71596859
0.71291449
0.70942408
0.70767888
0.70375218
0.70244328
0.70200698
0.69938918
0.69546248
0.69284468
0.68891798
0.68673647
0.68586387
0.68280977
0.68106457
0.67975567
0.67844677
0.67582897
0.67190227
0.67059337
0.66884817
0.66710297
0.65619546
0.65357766
0.65270506
0.65095986
0.65008726
0.64877836
0.64703316
0.64267016
0.64179756
0.64048866
0.63874346
0.63699825
0.63394415
0.62739965
0.62478185
0.62260035
0.62041885
0.61910995
0.61692845
0.61518325
0.61387435
0.61169284
0.60994764
0.60907504
0.60732984
0.60471204
0.60296684
0.60165794
0.59380454
0.59249564
0.59031414
0.58944154
0.58726003
0.58507853
0.58333333
0.58158813
0.57984293
0.57635253
0.57460733
0.56893543
0.56806283
0.56544503
0.56413613
0.56195462
0.55977312
0.55715532
0.55453752
0.55322862
0.55104712
0.54799302
0.54624782
0.54493892
0.54144852
0.53970332
0.53839442
0.53272251
0.53141361
0.52748691
0.52312391
0.52181501
0.52094241
0.51919721
0.51701571
0.51614311
0.51352531
0.51178010
0.51047120
0.50872600
0.50698080
0.50436300
0.50218150
0.50087260
0.49869110
0.49738220
0.49563700
0.49476440
0.49258290
0.48952880
0.48821990
0.48691099
0.48603839
0.48560209
0.48385689
0.48211169
0.48036649
0.47862129
0.47687609
0.47425829
0.47251309
0.47164049
0.46945899
0.46727749
0.46553229
0.46465969
0.46291449
0.46204188
0.46116928
0.45855148
0.45636998
0.45462478
0.45331588
0.45157068
0.45026178
0.44720768
0.44502618
0.44240838
0.44066318
0.43979058
0.43760908
0.43717277
0.43586387
0.43368237
0.43324607
0.43193717
0.42626527
0.42539267
0.42277487
0.42059337
0.41797557
0.41666667
0.41535777
0.41448517
0.41361257
0.41230366
0.41055846
0.40837696
0.40706806
0.40619546
0.40314136
0.40139616
0.40052356
0.39965096
0.39790576
0.39659686
0.39572426
0.39485166
0.38874346
0.38612565
0.38307155
0.38219895
0.38176265
0.37914485
0.37696335
0.37609075
0.37303665
0.37085515
0.36780105
0.36518325
0.36300175
0.36125654
0.35951134
0.35820244
0.35732984
0.35689354
0.35602094
0.35558464
0.35165794
0.35078534
0.34816754
0.34729494
0.34642234
0.34293194
0.34205934
0.34162304
0.33987784
0.33769634
0.33464223
0.33376963
0.33289703
0.33071553
0.33027923
0.32940663
0.32678883
0.32591623
0.32373473
0.32155323
0.32024433
0.31806283
0.31719023
0.31631763
0.31413613
0.31282723
0.31151832
0.30846422
0.30759162
0.30497382
0.30191972
0.29973822
0.29668412
0.29144852
0.28883072
0.28664921
0.28490401
0.28359511
0.28054101
0.27748691
0.27399651
0.27050611
0.26788831
0.26701571
0.26570681
0.26439791
0.26308901
0.26090750
0.25959860
0.25828970
0.25479930
0.25392670
0.25218150
0.24825480
0.24258290
0.23909250
0.23734729
0.23123909
0.22905759
0.22774869
0.22687609
0.22164049
0.21465969
0.21204188
0.21073298
0.20680628
0.20462478
0.19808028
0.19633508
0.19502618
0.19197208
0.18411867
0.18193717
0.17626527
0.17495637
0.17321117
0.17190227
0.17146597
0.16972077
0.16579407
0.16404887
0.16317627
0.16186736
0.15968586
0.15706806
0.15575916
0.15532286
0.15357766
0.14921466
0.14616056
0.14572426
0.14179756
0.13394415
0.13307155
0.13089005
0.00261780
0.00218150
0.00174520
0.00174520
0.00130890
0.00130890
0.00130890
0.00130890
0.00130890
0.00130890
0.00130890
0.00130890
0.00130890
0.00130890
0.00130890
0.00130890
0.00130890
0.00130890
0.00130890
0.00130890
0.00130890
0.00130890
0.00130890
0.00130890
0.00130890
0.00130890
0.00130890
0.00130890
0.00130890
0.00130890
0.00087260
0.00043630
0.00043630
0.00043630
0.00043630
0.00043630
0.00043630
0.00043630
0.00043630
0.00043630
0.00043630
0.00043630
0.00043630
0.00043630
0.00043630
0.00043630
0.00043630
0.00043630
0.00043630
0.00043630
0.00043630
0.00043630
0.00043630
0.00043630
0.00043630
0.00043630
0.00043630
0.00043630
0.00043630
0.00043630
0.00043630
0.00043630
0.00043630
0.00043630
0.00043630
0.00043630
0.00043630
0.00043630
0.00043630
0.00043630
0.00043630
0.00043630
0.00043630
0.00043630
0.00043630
0.00043630
0.00043630
0.00043630
0.00043630
0.00043630
0.00043630
0.00043630
0.00043630
0.00043630
0.00043630
0.00043630
0.00043630
0.00043630
0.00043630
0.00043630
0.00043630
0.00043630
0.00043630
0.00043630
0.00043630
0.00043630
0.00043630
0.00043630
0.00043630
0.00043630
0.00043630
0.00043630
0.00043630
0.00043630
0.00043630
0.00043630
0.00043630
0.00043630
0.00043630
0.00043630
0.00043630
0.00043630
0.00043630
0.00043630
0.00043630
0.00043630
0.00043630
0.00043630
0.00043630
0.00043630
0.00043630
0.00043630
0.00043630
0.00043630
0.00043630
0.00043630
0.00043630
0.00043630
0.00043630
0.00043630
0.00043630
0.00043630
0.00043630
0.00043630
0.00043630
0.00043630
0.00043630
0.00043630
0.00043630
0.00043630
0.00043630
0.00043630
0.00043630
0.00043630
0.00043630
0.00043630
0.00043630
0.00043630
0.00043630
0.00043630
0.00043630
0.00043630
0.00043630
0.00043630
0.00043630
0.00043630
0.00043630
0.00043630
0.00043630
0.00043630
0.00043630
0.00043630
0.00043630
0.00043630
0.00043630
0.00043630
0.00043630
0.00043630
0.00043630
0.00043630
0.00043630
0.00043630
0.00043630
0.00043630
0.00043630
0.00043630
0.00043630
0.00043630
0.00043630
0.00043630
0.00043630
0.00043630
0.00043630
0.00043630
0.00043630
0.00043630
0.00043630
0.00043630
0.00043630
0.00043630
0.00043630
0.00043630
0.00043630
0.00043630
0.00043630
0.00043630
0.00043630
0.00043630
0.00043630
0.00043630
0.00043630
0.00043630
0.00043630
0.00043630
0.00043630
0.00043630
0.00043630
0.00043630
0.00043630
0.00043630
0.00043630
0.00043630
0.00043630
0.00043630
0.00043630
0.00043630
0.00043630
0.00043630
0.00043630
0.00043630
0.00043630
0.00043630
0.00043630
0.00043630
0.00043630
0.00043630
0.00043630
0.00043630
0.00043630
0.00043630
0.00043630
0.00043630
0.00043630
0.00043630
0.00043630
0.00043630
0.00043630
0.00043630
0.00043630
0.00043630
0.00043630
0.00043630
0.00043630
0.00043630
0.00043630
0.00043630
0.00043630
0.00043630
0.00043630
0.00043630
0.00043630
0.00043630
0.00043630
0.00043630
0.00043630
0.00043630
0.00043630
0.00043630
0.00043630
0.00043630
0.00043630
0.00043630
0.00043630
0.00043630
0.00043630
0.00043630
0.00043630
0.00043630
0.00043630
0.00043630
0.00043630
0.00043630
0.00043630
0.00043630
0.00043630
0.00043630
0.00043630
0.00043630
0.00043630
0.00043630
0.00043630
0.00043630
0.00043630
0.00043630
0.00043630
0.00043630
0.00043630
0.00043630
0.00043630
0.00043630
0.00043630
0.00043630
0.00043630
0.00043630
0.00043630
0.00043630
0.00043630
0.00043630
0.00043630
0.00043630
0.00043630
0.00043630
0.00043630
0.00043630
0.00043630
0.00043630
0.00043630
0.00043630
0.00043630
0.00043630
0.00043630
0.00043630
0.00043630
0.00043630
0.00043630
0.00043630
0.00043630
0.00043630
0.00043630
0.00043630
0.00043630
0.00043630
0.00043630
0.00043630
0.00043630
0.00043630
0.00043630
0.00043630
0.00043630
0.00043630
0.00043630
0.00043630
0.00043630
0.00043630
0.00043630
0.00043630
0.00043630
0.00043630
0.00043630
0.00043630
0.00043630
0.00043630
0.00043630
0.00043630
0.00043630
0.00043630
0.00043630
0.00043630
0.00043630
0.00043630
0.00043630
0.00043630
0.00043630
0.00043630
0.00043630
0.00043630
0.00043630
0.00043630
0.00043630
0.00043630
0.00043630
0.00043630
0.00043630
0.00043630
0.00043630
0.00043630
0.00043630
0.00043630
0.00043630
0.00043630
0.00043630
0.00043630
0.00043630
0.00043630
0.00043630
0.00043630
0.00043630
0.00043630
0.00043630
0.00043630
0.00043630
0.00043630
0.00043630
0.00043630
0.00043630
0.00043630
0.00043630
0.00043630
0.00043630
0.00043630
0.00043630
0.00043630
0.00043630
0.00043630
0.00043630
0.00043630
0.00043630
0.00043630
0.00043630
0.00043630
0.00043630
0.00043630
0.00043630
0.00043630
0.00043630
0.00043630
0.00043630
0.00043630
0.00043630
0.00043630
0.00043630
0.00043630
0.00043630
0.00043630
0.00043630
0.00043630
0.00043630
0.00043630
0.00043630
0.00043630
0.00043630
0.00043630
0.00043630
0.00043630
0.00043630
0.00043630
0.00043630
0.00043630
0.00043630
0.00043630
0.00043630
0.00043630
0.00043630
0.00043630
0.00043630
0.00043630
0.00043630
0.00043630
0.00043630
0.00043630
0.00043630
0.00043630
0.00043630
0.00043630
0.00043630
0.00043630
0.00043630
0.00043630
0.00043630
0.00043630
0.00043630
0.00043630
0.00043630
0.00043630
0.00043630
0.00043630
0.00043630
0.00043630
0.00043630
0.00043630
0.00043630
0.00043630
0.00043630
0.00043630
0.00043630
0.00043630
0.00043630
0.00043630
0.00043630
0.00043630
0.00043630
0.00043630
0.00043630
0.00043630
0.00043630
0.00043630
0.00043630
0.00043630
0.00043630
0.00043630
0.00043630
0.00043630
0.00043630
0.00043630
0.00043630
0.00043630
0.00043630
0.00043630
0.00043630
0.00043630
0.00043630
0.00043630
0.00043630
0.00043630
0.00043630
0.00043630
0.00043630
0.00043630
0.00043630
0.00043630
0.00043630
0.00043630
0.00043630
0.00043630
0.00043630
0.00043630
0.00043630
0.00043630
0.00043630
0.00043630
0.00043630
0.00043630
0.00043630
0.00043630
0.00043630
0.00043630
0.00043630
0.00043630
0.00043630
0.00043630
0.00043630
0.00043630
0.00043630
0.00043630
0.00043630
0.00043630
0.00043630
0.00043630
0.00043630
0.00043630
0.00043630
0.00043630
0.00043630
0.00043630
0.00043630
0.00043630
0.00043630
0.00043630
0.00043630
0.00043630
0.00043630
0.00043630
0.00043630
0.00043630
0.00043630
0.00043630
0.00043630
0.00043630
0.00043630
0.00043630
0.00043630
0.00043630
0.00043630
0.00043630
0.00043630
0.00043630
0.00043630
0.00043630
0.00043630
0.00043630
0.00043630
0.00043630
0.00043630
0.00043630
0.00043630
0.00043630
0.00043630
0.00043630
0.00043630
0.00043630
0.00043630
0.00043630
0.00043630
0.00043630
0.00043630
0.00043630
0.00043630
0.00043630
0.00043630
0.00043630
0.00043630
0.00043630
0.00043630
0.00043630
0.00043630
0.00043630
0.00043630
0.00043630
0.00043630
0.00043630
0.00043630
0.00043630
0.00043630
0.00043630
0.00043630
0.00043630
0.00043630
0.00043630
0.00043630
0.00043630
0.00043630
0.00043630
0.00043630
0.00043630
0.00043630
0.00043630
0.00043630
0.00043630
0.00043630
0.00043630
0.00043630
0.00043630
0.00043630
0.00043630
0.00043630
0.00043630
0.00043630
0.00043630
0.00043630
0.00043630
0.00043630
0.00043630
0.00043630
0.00043630
0.00043630
0.00043630
0.00043630
0.00043630
0.00043630
0.00043630
0.00043630
0.00043630
0.00043630
0.00043630
0.00043630
0.00043630
0.00043630
0.00043630
0.00043630
0.00043630
0.00043630
0.00043630
0.00043630
0.00043630
0.00043630
0.00043630
0.00043630
0.00043630
0.00043630
0.00043630
0.00043630
0.00043630
0.00043630
0.00043630
0.00043630
0.00043630
0.00043630
0.00043630
0.00043630
0.00043630
0.00043630
0.00043630
0.00043630
0.00043630
0.00043630
0.00043630
0.00043630
0.00043630
0.00043630
0.00043630
0.00043630
0.00043630
0.00043630
0.00043630
0.00043630
0.00043630
0.00043630
0.00043630
0.00043630
0.00043630
0.00043630
0.00043630
0.00043630
0.00043630
0.00043630
0.00043630
0.00043630
0.00043630
0.00043630
0.00043630
0.00043630
0.00043630
0.00043630
0.00043630
0.00043630
0.00043630
0.00043630
0.00043630
0.00043630
0.00043630
0.00043630
0.00043630
0.00043630
0.00043630
0.00043630
0.00043630
0.00043630
0.00043630
0.00043630
0.00043630
0.00043630
0.00043630
0.00043630
0.00043630
0.00043630
0.00043630
0.00043630
0.00043630
0.00043630
0.00043630
0.00043630
0.00043630
0.00043630
0.00043630
0.00043630
0.00043630
0.00043630
0.00043630
0.00043630
0.00043630
0.00043630
0.00043630
0.00043630
0.00043630
0.00043630
0.00043630
0.00043630
0.00043630
0.00043630
0.00043630
0.00043630
0.00043630
0.00043630
0.00043630
0.00043630
0.00043630
0.00043630
0.00043630
0.00043630
0.00043630
0.00043630
0.00043630
0.00043630
0.00043630
0.00043630
0.00043630
0.00043630
0.00043630
0.00043630
0.00043630
0.00043630
0.00043630
0.00043630
0.00043630
0.00043630
0.00043630
0.00043630
0.00043630
0.00043630
0.00043630
0.00043630
0.00043630
0.00043630
0.00043630
0.00043630
0.00043630
0.00043630
0.00043630
0.00043630
0.00043630
0.00043630
0.00043630
0.00043630
0.00043630
0.00043630
0.00043630
0.00043630
0.00043630
0.00043630
0.00043630
0.00043630
0.00043630
0.00043630
0.00043630
0.00043630
0.00043630
0.00043630
0.00043630
0.00043630
0.00043630
0.00043630
0.00043630
0.00043630
0.00043630
0.00043630
0.00043630
0.00043630
0.00043630
0.00043630
0.00043630
0.00043630
0.00043630
0.00043630
0.00043630
0.00043630
0.00043630
0.00043630
0.00043630
0.00043630
0.00043630
0.00043630
0.00043630
0.00043630
0.00043630
0.00043630
0.00043630
0.00043630
0.00043630
0.00043630
0.00043630
0.00043630
0.00043630
0.00043630
0.00043630
0.00043630
0.00043630
0.00043630
0.00043630
0.00043630
0.00043630
0.00043630
0.00043630
0.00043630
0.00043630
0.00043630
0.00043630
0.00043630
0.00043630
0.00043630
0.00043630
0.00043630
0.00043630
0.00043630
0.00043630
0.00043630
0.00043630
0.00043630
0.00043630
0.00043630
0.00043630
0.00043630
0.00043630
0.00043630
0.00043630
0.00043630
0.00043630
0.00043630
0.00043630
0.00043630
0.00043630
0.00043630
0.00043630
0.00043630
0.00043630
0.00043630
0.00043630
0.00043630
0.00043630
0.00043630
0.00043630
0.00043630
0.00043630
0.00043630
0.00043630
0.00043630
0.00043630
0.00043630
0.00043630
0.00043630
0.00043630
0.00043630
0.00043630
0.00043630
0.00043630
0.00043630
0.00043630
0.00043630
0.00043630
0.00043630
0.00043630
0.00043630
0.00043630
0.00043630
0.00043630
0.00043630
0.00043630
0.00043630
0.00043630
0.00043630
0.00043630
0.00043630
0.00043630
0.00043630
0.00043630
0.00043630
0.00043630
0.00043630
0.00043630
0.00043630
0.00043630
0.00043630
0.00043630
0.00043630
0.00043630
0.00043630
0.00043630
0.00043630
0.00043630
0.00043630
0.00043630
0.00043630
0.00043630
0.00043630
0.00043630
0.00043630
0.00043630
0.00043630
0.00043630
0.00043630
0.00043630
0.00043630
0.00043630
0.00043630
0.00043630
0.00043630
0.00043630
0.00043630
0.00043630
0.00043630
0.00043630
0.00043630
0.00043630
0.00043630
0.00043630
0.00043630
0.00043630
0.00043630
0.00043630
0.00043630
0.00043630
0.00043630
0.00043630
0.00043630
0.00043630
0.00043630
0.00043630
0.00043630
0.00043630
0.00043630
0.00043630
0.00043630
0.00043630
0.00043630
0.00043630
0.00043630
0.00043630
0.00043630
0.00043630
0.00043630
0.00043630
0.00043630
0.00043630
0.00043630
0.00043630
0.00043630
0.00043630
0.00043630
0.00043630
0.00043630
0.00043630
0.00043630
0.00043630
0.00043630
0.00043630
0.00043630
0.00043630
0.00043630
0.00043630
0.00043630
0.00043630
0.00043630
0.00043630
0.00043630
0.00043630
0.00043630
0.00043630
0.00043630
0.00043630
0.00043630
0.00043630
0.00043630
0.00043630
0.00043630
0.00043630
0.00043630
0.00043630
0.00043630
0.00043630
0.00043630
0.00043630
0.00043630
0.00043630
0.00043630
0.00043630
0.00043630
0.00043630
0.00043630
0.00043630
0.00043630
0.00043630
0.00043630
0.00043630
0.00043630
0.00043630
0.00043630
0.00043630
0.00043630
0.00043630
0.00043630
0.00043630
0.00043630
0.00043630
0.00043630
0.00043630
0.00043630
0.00043630
0.00043630
0.00043630
0.00043630
0.00043630
0.00043630
0.00043630
0.00043630
0.00043630
0.00043630
0.00043630
0.00043630
0.00043630
0.00043630
0.00043630
0.00043630
0.00043630
0.00043630
0.00043630
0.00043630
0.00043630
0.00043630
0.00043630
0.00043630
0.00043630
0.00043630
0.00043630
0.00043630
0.00043630
0.00043630
0.00043630
0.00043630
0.00043630
0.00043630
0.00043630
0.00043630
0.00043630
0.00043630
0.00043630
0.00043630
0.00043630
0.00043630
0.00043630
0.00043630
0.00043630
0.00043630
0.00043630
0.00043630
0.00043630
0.00043630
0.00043630
0.00043630
0.00043630
0.00043630
0.00043630
0.00043630
0.00043630
0.00043630
0.00043630
0.00043630
0.00043630
0.00043630
0.00043630
0.00043630
0.00043630
0.00043630
0.00043630
0.00043630
0.00043630
0.00043630
0.00043630
0.00043630
0.00043630
0.00043630
0.00043630
0.00043630
0.00043630
0.00043630
0.00043630
0.00043630
0.00043630
0.00043630
0.00043630
0.00043630
0.00043630
0.00043630
0.00043630
0.00043630
0.00043630
0.00043630
0.00043630
0.00043630
0.00043630
0.00043630
0.00043630
0.00043630
0.00043630
0.00043630
0.00043630
0.00043630
0.00043630
0.00043630
0.00043630
0.00043630
0.00043630
0.00043630
0.00043630
0.00043630
0.00043630
0.00043630
0.00043630
0.00043630
0.00043630
0.00043630
0.00043630
0.00043630
0.00043630
0.00043630
0.00043630
0.00043630
0.00043630
0.00043630
0.00043630
0.00043630
0.00043630
0.00043630
0.00043630
0.00043630
0.00043630
0.00043630
0.00043630
0.00043630
0.00043630
0.00043630
0.00043630
0.00043630
0.00043630
0.00043630
0.00043630
0.00043630
0.00043630
0.00043630
0.00043630
0.00043630
0.00043630
0.00043630
0.00043630
0.00043630
0.00043630
0.00043630
0.00043630
0.00043630
0.00043630
0.00043630
0.00043630
0.00043630
0.00043630
0.00043630
0.00043630
0.00043630
0.00043630
0.00043630
0.00043630
0.00043630
0.00043630
0.00043630
0.00043630
0.00043630
0.00043630
0.00043630
0.00043630
0.00043630
0.00043630
0.00043630
0.00043630
0.00043630
0.00043630
0.00043630
0.00043630
0.00043630
0.00043630
0.00043630
0.00043630
0.00043630
0.00043630
0.00043630
0.00043630
0.00043630
0.00043630
0.00043630
0.00043630
0.00043630
0.00043630
0.00043630
0.00043630
0.00043630
0.00043630
0.00043630
0.00043630
0.00043630
0.00043630
0.00043630
0.00043630
0.00043630
0.00043630
0.00043630
0.00043630
0.00043630
0.00043630
0.00043630
0.00043630
0.00043630
0.00043630
0.00043630
0.00043630
0.00043630
0.00043630
0.00043630
0.00043630
0.00043630
0.00043630
0.00043630
0.00043630
0.00043630
0.00043630
0.00043630
0.00043630
0.00043630
0.00043630
0.00043630
0.00043630
0.00043630
0.00043630
0.00043630
0.00043630
0.00043630
0.00043630
0.00043630
0.00043630
0.00043630
0.00043630
0.00043630
0.00043630
0.00043630
0.00043630
0.00043630
0.00043630
0.00043630
0.00043630
0.00043630
0.00043630
0.00043630
0.00043630
0.00043630
0.00043630
0.00043630
0.00043630
0.00043630
0.00043630
0.00043630
0.00043630
0.00043630
0.00043630
0.00043630
0.00043630
0.00043630
0.00043630
0.00043630
0.00043630
0.00043630
0.00043630
0.00043630
0.00043630
0.00043630
0.00043630
0.00043630
0.00043630
0.00043630
0.00043630
0.00043630
0.00043630
0.00043630
0.00043630
0.00043630
0.00043630
0.00043630
0.00043630
0.00043630
0.00043630
0.00043630
0.00043630
0.00043630
0.00043630
0.00043630
0.00043630
0.00043630
0.00043630
0.00043630
0.00043630
0.00043630
0.00043630
0.00043630
0.00043630
0.00043630
0.00043630
0.00043630
0.00043630
0.00043630
0.00043630
0.00043630
0.00043630
0.00043630
0.00043630
0.00043630
0.00043630
0.00043630
0.00043630
0.00043630
0.00043630
0.00043630
0.00043630
0.00043630
0.00043630
0.00043630
0.00043630
0.00043630
0.00043630
0.00043630
0.00043630
0.00043630
0.00043630
0.00043630
0.00043630
0.00043630
0.00043630
0.00043630
0.00043630
0.00043630
0.00043630
0.00043630
0.00043630
0.00043630
0.00043630
0.00043630
0.00043630
0.00043630
0.00043630
0.00043630
0.00043630
0.00043630
0.00043630
0.00043630
0.00043630
0.00043630
0.00043630
0.00043630
0.00043630
0.00043630
0.00043630
0.00043630
0.00043630
0.00043630
0.00043630
0.00043630
0.00043630
0.00043630
0.00043630
0.00043630
0.00043630
0.00043630
0.00043630
0.00043630
0.00043630
0.00043630
0.00043630
0.00043630
0.00043630
0.00043630
0.00043630
0.00043630
0.00043630
0.00043630
0.00043630
0.00043630
0.00043630
0.00043630
0.00043630
0.00043630
0.00043630
0.00043630
0.00043630
0.00043630
0.00043630
0.00043630
0.00043630
0.00043630
0.00043630
0.00043630
0.00043630
0.00043630
0.00043630
0.00043630
0.00043630
0.00043630
0.00043630
0.00043630
0.00043630
0.00043630
0.00043630
0.00043630
0.00043630
0.00043630
0.00043630
0.00043630
0.00043630
0.00043630
0.00043630
0.00043630
0.00043630
0.00043630
0.00043630
0.00043630
0.00043630
0.00043630
0.00043630
0.00043630
0.00043630
0.00043630
0.00043630
0.00043630
0.00043630
0.00043630
0.00043630
0.00043630
0.00043630
0.00043630
0.00043630
0.00043630
0.00043630
0.00043630
0.00043630
0.00043630
0.00043630
0.00043630
0.00043630
0.00043630
0.00043630
0.00043630
0.00043630
0.00043630
0.00043630
0.00043630
0.00043630
0.00043630
0.00043630
0.00043630
0.00043630
0.00043630
0.00043630
0.00043630
0.00043630
0.00043630
0.00043630
0.00043630
0.00043630
0.00043630
0.00043630
0.00043630
0.00043630
0.00043630
0.00043630
0.00043630
0.00043630
0.00043630
0.00043630
0.00043630
0.00043630
0.00043630
0.00043630
0.00043630
0.00043630
0.00043630
0.00043630
0.00043630
0.00043630
0.00043630
0.00043630
0.00043630
0.00043630
0.00043630
0.00043630
0.00043630
0.00043630
0.00043630
0.00043630
0.00043630
0.00043630
0.00043630
0.00043630
0.00043630
0.00043630
0.00043630
0.00043630
0.00043630
0.00043630
0.00043630
0.00043630
0.00043630
0.00043630
0.00043630
0.00043630
0.00043630
0.00043630
0.00043630
0.00043630
0.00043630
0.00043630
0.00043630
0.00043630
0.00043630
0.00043630
0.00043630
0.00043630
0.00043630
0.00043630
0.00043630
0.00043630
0.00043630
0.00043630
0.00043630
0.00043630
0.00043630
0.00043630
0.00043630
0.00043630
0.00043630
0.00043630
0.00043630
0.00043630
0.00043630
0.00043630
0.00043630
0.00043630
0.00043630
0.00043630
0.00043630
0.00043630
0.00043630
0.00043630
0.00043630
0.00043630
0.00043630
0.00043630
0.00043630
0.00043630
0.00043630
0.00043630
0.00043630
0.00043630
0.00043630
0.00043630
0.00043630
0.00043630
0.00043630
0.00043630
0.00043630
0.00043630
0.00043630
0.00043630
0.00043630
0.00043630
0.00043630
0.00043630
0.00043630
0.00043630
0.00043630
0.00043630
0.00043630
0.00043630
0.00043630
0.00043630
0.00043630
0.00043630
0.00043630
0.00043630
0.00043630
0.00043630
0.00043630
0.00043630
0.00043630
0.00043630
0.00043630
0.00043630
0.00043630
0.00043630
0.00043630
0.00043630
0.00043630
0.00043630
0.00043630
0.00043630
0.00043630
0.00043630
0.00043630
0.00043630
0.00043630
0.00043630
0.00043630
0.00043630
0.00043630
0.00043630
0.00043630
0.00043630
0.00043630
0.00043630
0.00043630
0.00043630
0.00043630
0.00043630
0.00043630
0.00043630
0.00043630
0.00043630
0.00043630
0.00043630
0.00043630
0.00043630
0.00043630
0.00043630
0.00043630
0.00043630
0.00043630
0.00043630
0.00043630
0.00043630
0.00043630
0.00043630
0.00043630
0.00043630
0.00043630
0.00043630
0.00043630
0.00043630
0.00043630
0.00043630
0.00043630
0.00043630
0.00043630
0.00043630
0.00043630
0.00043630
0.00043630
0.00043630
0.00043630
0.00043630
0.00043630
0.00043630
0.00043630
0.00043630
0.00043630
0.00043630
0.00043630
0.00043630
0.00043630
0.00043630
0.00043630
0.00043630
0.00043630
0.00043630
0.00043630
0.00043630
0.00043630
0.00043630
0.00043630
0.00043630
0.00043630
0.00043630
0.00043630
0.00043630
0.00043630
0.00043630
0.00043630
0.00043630
0.00043630
0.00043630
0.00043630
0.00043630
0.00043630
0.00043630
0.00043630
0.00043630
0.00043630
0.00043630
0.00043630
0.00043630
0.00043630
0.00043630
0.00043630
0.00043630
0.00043630
0.00043630
0.00043630
0.00043630
0.00043630
0.00043630
0.00043630
0.00043630
0.00043630
0.00043630
0.00043630
0.00043630
0.00043630
0.00043630
0.00043630
0.00043630
0.00043630
0.00043630
0.00043630
0.00043630
0.00043630
0.00043630
0.00043630
0.00043630
0.00043630
0.00043630
0.00043630
0.00043630
0.00043630
0.00043630
0.00043630
0.00043630
0.00043630
0.00043630
0.00043630
0.00043630
0.00043630
0.00043630
0.00043630
0.00043630
0.00043630
0.00043630
0.00043630
0.00043630
0.00043630
0.00043630
0.00043630
0.00043630
0.00043630
0.00043630
0.00043630
0.00043630
0.00043630
0.00043630
0.00043630
0.00043630
0.00043630
0.00043630
0.00043630
0.00043630
0.00043630
0.00043630
0.00043630
0.00043630
0.00043630
0.00043630
0.00043630
0.00043630
0.00043630
0.00043630
0.00043630
0.00043630
0.00043630
0.00043630
0.00043630
0.00043630
0.00043630
0.00043630
0.00043630
0.00043630
0.00043630
0.00043630
0.00043630
0.00043630
0.00043630
0.00043630
0.00043630
0.00043630
0.00043630
0.00043630
0.00043630
0.00043630
0.00043630
0.00043630
0.00043630
0.00043630
0.00043630
0.00043630
0.00043630
0.00043630
0.00043630
0.00043630
0.00043630
0.00043630
0.00043630
0.00043630
0.00043630
0.00043630
0.00043630
0.00043630
0.00043630
0.00043630
0.00043630
0.00043630
0.00043630
0.00043630
0.00043630
0.00043630
0.00043630
0.00043630
0.00043630
0.00043630
0.00043630
0.00043630
0.00043630
0.00043630
0.00043630
0.00043630
0.00043630
0.00043630
0.00043630
0.00043630
0.00043630
0.00043630
0.00043630
0.00043630
0.00043630
0.00043630
0.00043630
0.00043630
0.00043630
0.00043630
0.00043630
0.00043630
0.00043630
0.00043630
0.00043630
0.00043630
0.00043630
0.00043630
0.00043630
0.00043630
0.00043630
0.00043630
0.00043630
0.00043630
0.00043630
0.00043630
0.00043630
0.00043630
0.00043630
0.00043630
0.00043630
0.00043630
0.00043630
0.00043630
0.00043630
0.00043630
0.00043630
0.00043630
0.00043630
0.00043630
0.00043630
0.00043630
0.00043630
0.00043630
0.00043630
0.00043630
0.00043630
0.00043630
0.00043630
0.00043630
0.00043630
0.00043630
0.00043630
0.00043630
0.00043630
0.00043630
0.00043630
0.00043630
0.00043630
0.00043630
0.00043630
0.00043630
0.00043630
0.00043630
0.00043630
0.00043630
0.00043630
0.00043630
0.00043630
0.00043630
0.00043630
0.00043630
0.00043630
0.00043630
0.00043630
0.00043630
0.00043630
0.00043630
0.00043630
0.00043630
0.00043630
0.00043630
0.00043630
0.00043630
0.00043630
0.00043630
0.00043630
0.00043630
0.00043630
0.00043630
0.00043630
0.00043630
0.00043630
0.00043630
0.00043630
0.00043630
0.00043630
0.00043630
0.00043630
0.00043630
0.00043630
0.00043630
0.00043630
0.00043630
0.00043630
0.00043630
0.00043630
0.00043630
0.00043630
0.00043630
0.00043630
0.00043630
0.00043630
0.00043630
0.00043630
0.00043630
0.00043630
0.00043630
0.00043630
0.00043630
0.00043630
0.00043630
0.00043630
0.00043630
0.00043630
0.00043630
0.00043630
0.00043630
0.00043630
0.00043630
0.00043630
0.00043630
0.00043630
0.00043630
0.00043630
0.00043630
0.00043630
0.00043630
0.00043630
0.00043630
0.00043630
0.00043630
0.00043630
0.00043630
0.00043630
0.00043630
0.00043630
0.00043630
0.00043630
0.00043630
0.00043630
0.00043630
0.00043630
0.00043630
0.00043630
0.00043630
0.00043630
0.00043630
0.00043630
0.00043630
0.00043630
0.00043630
0.00043630
0.00043630
0.00043630
0.00043630
0.00043630
0.00043630
0.00043630
0.00043630
0.00043630
0.00043630
0.00043630
0.00043630
0.00043630
0.00043630
0.00043630
0.00043630
0.00043630
0.00043630
0.00043630
0.00043630
0.00043630
0.00043630
0.00043630
0.00043630
0.00043630
0.00043630
0.00043630
0.00043630
0.00043630
0.00043630
0.00043630
0.00043630
0.00043630
0.00043630
0.00043630
0.00043630
0.00043630
0.00043630
0.00043630
0.00043630
0.00043630
0.00043630
0.00043630
0.00043630
0.00043630
0.00043630
0.00043630
0.00043630
0.00043630
0.00043630
0.00043630
0.00043630
0.00043630
0.00043630
0.00043630
0.00043630
0.00043630
0.00043630
0.00043630
0.00043630
0.00043630
0.00043630
0.00043630
0.00043630
0.00043630
0.00043630
0.00043630
0.00043630
0.00043630
0.00043630
0.00043630
0.00043630
0.00043630
0.00043630
0.00043630
0.00043630
0.00043630
0.00043630
0.00043630
0.00043630
0.00043630
0.00043630
0.00043630
0.00043630
0.00043630
0.00043630
0.00043630
0.00043630
0.00043630
0.00043630
0.00043630
0.00043630
0.00043630
0.00043630
0.00043630
0.00043630
0.00043630
0.00043630
0.00043630
0.00043630
0.00043630
0.00043630
0.00043630
0.00043630
0.00043630
0.00043630
0.00043630
0.00043630
0.00043630
0.00043630
0.00043630
0.00043630
0.00043630
0.00043630
0.00043630
0.00043630
0.00043630
0.00043630
0.00043630
0.00043630
0.00043630
0.00043630
0.00043630
0.00043630
0.00043630
0.00043630
0.00043630
0.00043630
0.00043630
0.00043630
0.00043630
0.00043630
0.00043630
0.00043630
0.00043630
0.00043630
0.00043630
0.00043630
0.00043630
0.00043630
0.00043630
0.00043630
0.00043630
0.00043630
0.00043630
0.00043630
0.00043630
0.00043630
0.00043630
0.00043630
0.00043630
0.00043630
0.00043630
0.00043630
0.00043630
0.00043630
0.00043630
0.00043630
0.00043630
0.00043630
0.00043630
0.00043630
0.00043630
0.00043630
0.00043630
0.00043630
0.00043630
0.00043630
0.00043630
0.00043630
0.00043630
0.00043630
0.00043630
0.00043630
0.00043630
0.00043630
0.00043630
0.00043630
0.00043630
0.00043630
0.00043630
0.00043630
0.00043630
0.00043630
0.00043630
0.00043630
0.00043630
0.00043630
0.00043630
0.00043630
0.00043630
0.00043630
0.00043630
0.00043630
0.00043630
0.00043630
0.00043630
0.00043630
0.00043630
0.00043630
0.00043630
0.00043630
0.00043630
0.00043630
0.00043630
0.00043630
0.00043630
0.00043630
0.00043630
0.00043630
0.00043630
0.00043630
0.00043630
0.00043630
0.00043630
0.00043630
0.00043630
0.00043630
0.00043630
0.00043630
0.00043630
0.00043630
0.00043630
0.00043630
0.00043630
0.00043630
0.00043630
0.00043630
0.00043630
0.00043630
0.00043630
0.00043630
0.00043630
0.00043630
0.00043630
0.00043630
0.00043630
0.00043630
0.00043630
0.00043630
0.00043630
0.00043630
0.00043630
0.00043630
0.00043630
0.00043630
0.00043630
0.00043630
0.00043630
0.00043630
0.00043630
0.00043630
0.00043630
0.00043630
0.00043630
0.00043630
0.00043630
0.00043630
0.00043630
0.00043630
0.00043630
0.00043630
0.00043630
0.00043630
0.00043630
0.00043630
0.00043630
0.00043630
0.00043630
0.00043630
0.00043630
0.00043630
0.00043630
0.00043630
0.00043630
0.00043630
0.00043630
0.00043630
0.00043630
0.00043630
0.00043630
0.00043630
0.00043630
0.00043630
0.00043630
0.00043630
0.00043630
0.00043630
0.00043630
0.00043630
0.00043630
0.00043630
0.00043630
0.00043630
0.00043630
0.00043630
0.00043630
0.00043630
0.00043630
0.00043630
0.00043630
0.00043630
0.00043630
0.00043630
0.00043630
0.00043630
0.00043630
0.00043630
0.00043630
0.00043630
0.00043630
0.00043630
0.00043630
0.00043630
0.00043630
0.00043630
0.00043630
0.00043630
0.00043630
0.00043630
0.00043630
0.00043630
0.00043630
0.00043630
0.00043630
0.00043630
0.00043630
0.00043630
0.00043630
0.00043630
0.00043630
0.00043630
0.00043630
0.00043630
0.00043630
0.00043630
0.00043630
0.00043630
0.00043630
0.00043630
0.00043630
0.00043630
0.00043630
0.00043630
0.00043630
0.00043630
0.00043630
0.00043630
0.00043630
0.00043630
0.00043630
0.00043630
0.00043630
0.00043630
0.00043630
0.00043630
0.00043630
0.00043630
0.00043630
0.00043630
0.00043630
0.00043630
0.00043630
0.00043630
0.00043630
0.00043630
0.00043630
0.00043630
0.00043630
0.00043630
0.00043630
0.00043630
0.00043630
0.00043630
0.00043630
0.00043630
0.00043630
0.00043630
0.00043630
0.00043630
0.00043630
0.00043630
0.00043630
0.00043630
0.00043630
0.00043630
0.00043630
0.00043630
0.00043630
0.00043630
0.00043630
0.00043630
0.00043630
0.00043630
0.00043630
0.00043630
0.00043630
0.00043630
0.00043630
0.00043630
0.00043630
0.00043630
0.00043630
0.00043630
0.00043630
0.00043630
0.00043630
0.00043630
0.00043630
0.00043630
0.00043630
0.00043630
0.00043630
0.00043630
0.00043630
0.00043630
0.00043630
0.00043630
0.00043630
0.00043630
0.00043630
0.00043630
0.00043630
0.00043630
0.00043630
0.00043630
0.00043630
0.00043630
0.00043630
0.00043630
0.00043630
0.00043630
0.00043630
0.00043630
0.00043630
0.00043630
0.00043630
0.00043630
0.00043630
0.00043630
0.00043630
0.00043630
0.00043630
0.00043630
0.00043630
0.00043630
0.00043630
0.00043630
0.00043630
0.00043630
0.00043630
0.00043630
0.00043630
0.00043630
0.00043630
0.00043630
0.00043630
0.00043630
0.00043630
0.00043630
0.00043630
0.00043630
0.00043630
0.00043630
0.00043630
0.00043630
0.00043630
0.00043630
0.00043630
0.00043630
0.00043630
0.00043630
0.00043630
0.00043630
0.00043630
0.00043630
0.00043630
0.00043630
0.00043630
0.00043630
0.00043630
0.00043630
0.00043630
0.00043630
0.00043630
0.00043630
0.00043630
0.00043630
0.00043630
0.00043630
0.00043630
0.00043630
0.00043630
0.00043630
0.00043630
0.00043630
0.00043630
0.00043630
0.00043630
0.00043630
0.00043630
0.00043630
0.00043630
0.00043630
0.00043630
0.00043630
0.00043630
0.00043630
0.00043630
0.00043630
0.00043630
0.00043630
0.00043630
0.00043630
0.00043630
0.00043630
0.00043630
0.00043630
0.00043630
0.00043630
0.00043630
0.00043630
0.00043630
0.00043630
0.00043630
0.00043630
0.00043630
0.00043630
0.00043630
0.00043630
0.00043630
0.00043630
0.00043630
0.00043630
0.00043630
0.00043630
0.00043630
0.00043630
0.00043630
0.00043630
0.00043630
0.00043630
0.00043630
0.00043630
0.00043630
0.00043630
0.00043630
0.00043630
0.00043630
0.00043630
0.00043630
0.00043630
0.00043630
0.00043630
0.00043630
0.00043630
0.00043630
0.00043630
0.00043630
0.00043630
0.00043630
0.00043630
0.00043630
0.00043630
0.00043630
0.00043630
0.00043630
0.00043630
0.00043630
0.00043630
0.00043630
0.00043630
0.00043630
0.00043630
0.00043630
0.00043630
0.00043630
0.00043630
0.00043630
0.00043630
0.00043630
0.00043630
0.00043630
0.00043630
0.00043630
0.00043630
0.00043630
0.00043630
0.00043630
0.00043630
0.00043630
0.00043630
0.00043630
0.00043630
0.00043630
0.00043630
0.00043630
0.00043630
0.00043630
0.00043630
0.00043630
0.00043630
0.00043630
0.00043630
0.00043630
0.00043630
0.00043630
0.00043630
0.00043630
0.00043630
0.00043630
0.00043630
0.00043630
0.00043630
0.00043630
0.00043630
0.00043630
0.00043630
0.00043630
0.00043630
0.00043630
0.00043630
0.00043630
0.00043630
0.00043630
0.00043630
0.00043630
0.00043630
0.00043630
0.00043630
0.00043630
0.00043630
0.00043630
0.00043630
0.00043630
0.00043630
0.00043630
0.00043630
0.00043630
0.00043630
0.00043630
0.00043630
0.00043630
0.00043630
0.00043630
0.00043630
0.00043630
0.00043630
0.00043630
0.00043630
0.00043630
0.00043630
0.00043630
0.00043630
0.00043630
0.00043630
0.00043630
0.00043630
0.00043630
0.00043630
0.00043630
0.00043630
0.00043630
0.00043630
0.00043630
0.00043630
0.00043630
0.00043630
0.00043630
0.00043630
0.00043630
0.00043630
0.00043630
0.00043630
0.00043630
0.00043630
0.00043630
0.00043630
0.00043630
0.00043630
0.00043630
0.00043630
0.00043630
0.00043630
0.00043630
0.00043630
0.00043630
0.00043630
0.00043630
0.00043630
0.00043630
0.00043630
0.00043630
0.00043630
0.00043630
0.00043630
0.00043630
0.00043630
0.00043630
0.00043630
0.00043630
0.00043630
0.00043630
0.00043630
0.00043630
0.00043630
0.00043630
0.00043630
0.00043630
0.00043630
0.00043630
0.00043630
0.00043630
0.00043630
0.00043630
0.00043630
0.00043630
0.00043630
0.00043630
0.00043630
0.00043630
0.00043630
0.00043630
0.00043630
0.00043630
0.00043630
0.00043630
0.00043630
0.00043630
0.00043630
0.00043630
0.00043630
0.00043630
0.00043630
0.00043630
0.00043630
0.00043630
0.00043630
0.00043630
0.00043630
0.00043630
0.00043630
0.00043630
0.00043630
0.00043630
0.00043630
0.00043630
0.00043630
0.00043630
0.00043630
0.00043630
0.00043630
0.00043630
0.00043630
0.00043630
0.00043630
0.00043630
0.00043630
0.00043630
0.00043630
0.00043630
0.00043630
0.00043630
0.00043630
0.00043630
0.00043630
0.00043630
0.00043630
0.00043630
0.00043630
0.00043630
0.00043630
0.00043630
0.00043630
0.00043630
0.00043630
0.00043630
0.00043630
0.00043630
0.00043630
0.00043630
0.00043630
0.00043630
0.00043630
0.00043630
0.00043630
0.00043630
0.00043630
0.00043630
0.00043630
0.00043630
0.00043630
0.00043630
0.00043630
0.00043630
0.00043630
0.00043630
0.00043630
0.00043630
0.00043630
0.00043630
0.00043630
0.00043630
0.00043630
0.00043630
0.00043630
0.00043630
0.00043630
0.00043630
0.00043630
0.00043630
0.00043630
0.00043630
0.00043630
0.00043630
0.00043630
0.00043630
0.00043630
0.00043630
0.00043630
0.00043630
0.00043630
0.00043630
0.00043630
0.00043630
0.00043630
0.00043630
0.00043630
0.00043630
0.00043630
0.00043630
0.00043630
0.00043630
0.00043630
0.00043630
0.00043630
0.00043630
0.00043630
0.00043630
0.00043630
0.00043630
0.00043630
0.00043630
0.00043630
0.00043630
0.00043630
0.00043630
0.00043630
0.00043630
0.00043630
0.00043630
0.00043630
0.00043630
0.00043630
0.00043630
0.00043630
0.00043630
0.00043630
0.00043630
0.00043630
0.00043630
0.00043630
0.00043630
0.00043630
0.00043630
0.00043630
0.00043630
0.00043630
0.00043630
0.00043630
0.00043630
0.00043630
0.00043630
0.00043630
0.00043630
0.00043630
0.00043630
0.00043630
0.00043630
0.00043630
0.00043630
0.00043630
0.00043630
0.00043630
0.00043630
0.00043630
0.00043630
0.00043630
0.00043630
0.00043630
0.00043630
0.00043630
0.00043630
0.00043630
0.00043630
0.00043630
0.00043630
0.00043630
0.00043630
0.00043630
0.00043630
0.00043630
0.00043630
0.00043630
0.00043630
0.00043630
0.00043630
0.00043630
0.00043630
0.00043630
0.00043630
0.00043630
0.00043630
0.00043630
0.00043630
0.00043630
0.00043630
0.00043630
0.00043630
0.00043630
0.00043630
0.00043630
0.00043630
0.00043630
0.00043630
0.00043630
0.00043630
0.00043630
0.00043630
0.00043630
0.00043630
0.00043630
0.00043630
0.00043630
0.00043630
0.00043630
0.00043630
0.00043630
0.00043630
0.00043630
0.00043630
0.00043630
0.00043630
0.00043630
0.00043630
0.00043630
0.00043630
0.00043630
0.00043630
0.00043630
0.00043630
0.00043630
0.00043630
0.00043630
0.00043630
0.00043630
0.00043630
0.00043630
0.00043630
0.00043630
0.00043630
0.00043630
0.00043630
0.00043630
0.00043630
0.00043630
0.00043630
0.00043630
0.00043630
0.00043630
0.00043630
0.00043630
0.00043630
0.00043630
0.00043630
0.00043630
0.00043630
0.00043630
0.00043630
0.00043630
0.00043630
0.00043630
0.00043630
0.00043630
0.00043630
0.00043630
0.00043630
0.00043630
0.00043630
0.00043630
0.00043630
0.00043630
0.00043630
0.00043630
0.00043630
0.00043630
0.00043630
0.00043630
0.00043630
0.00043630
0.00043630
0.00043630
0.00043630
0.00043630
0.00043630
0.00043630
0.00043630
0.00043630
0.00043630
0.00043630
0.00043630
0.00043630
0.00043630
0.00043630
0.00043630
0.00043630
0.00043630
0.00043630
0.00043630
0.00043630
0.00043630
0.00043630
0.00043630
0.00043630
0.00043630
0.00043630
0.00043630
0.00043630
0.00043630
0.00043630
0.00043630
0.00043630
0.00043630
0.00043630
0.00043630
0.00043630
0.00043630
0.00043630
0.00043630
0.00043630
0.00043630
0.00043630
0.00043630
0.00043630
0.00043630
0.00043630
0.00043630
0.00043630
0.00043630
0.00043630
0.00043630
0.00043630
0.00043630
0.00043630
0.00043630
0.00043630
0.00043630
0.00043630
0.00043630
0.00043630
0.00043630
0.00043630
0.00043630
0.00043630
0.00043630
0.00043630
0.00043630
0.00043630
0.00043630
0.00043630
0.00043630
0.00043630
0.00043630
0.00043630
0.00043630
0.00043630
0.00043630
0.00043630
0.00043630
0.00043630
0.00043630
0.00043630
0.00043630
0.00043630
0.00043630
0.00043630
0.00043630
0.00043630
0.00043630
0.00043630
0.00043630
0.00043630
0.00043630
0.00043630
0.00043630
0.00043630
0.00043630
0.00043630
0.00043630
0.00043630
0.00043630
0.00043630
0.00043630
0.00043630
0.00043630
0.00043630
0.00043630
0.00043630
0.00043630
0.00043630
0.00043630
0.00043630
0.00043630
0.00043630
0.00043630
0.00043630
0.00043630
0.00043630
0.00043630
0.00043630
0.00043630
0.00043630
0.00043630
0.00043630
0.00043630
0.00043630
0.00043630
0.00043630
0.00043630
0.00043630
0.00043630
0.00043630
0.00043630
0.00043630
0.00043630
0.00043630
0.00043630
0.00043630
0.00043630
0.00043630
0.00043630
0.00043630
0.00043630
0.00043630
0.00043630
0.00043630
0.00043630
0.00043630
0.00043630
0.00043630
0.00043630
0.00043630
0.00043630
0.00043630
0.00043630
0.00043630
0.00043630
0.00043630
0.00043630
0.00043630
0.00043630
0.00043630
0.00043630
0.00043630
0.00043630
0.00043630
0.00043630
0.00043630
0.00043630
0.00043630
0.00043630
0.00043630
0.00043630
0.00043630
0.00043630
0.00043630
0.00043630
0.00043630
0.00043630
0.00043630
0.00043630
0.00043630
0.00043630
0.00043630
0.00043630
0.00043630
0.00043630
0.00043630
0.00043630
0.00043630
0.00043630
0.00043630
0.00043630
0.00043630
0.00043630
0.00043630
0.00043630
0.00043630
0.00043630
0.00043630
0.00043630
0.00043630
0.00043630
0.00043630
0.00043630
0.00043630
0.00043630
0.00043630
0.00043630
0.00043630
0.00043630
0.00043630
0.00043630
0.00043630
0.00043630
0.00043630
0.00043630
0.00043630
0.00043630
0.00043630
0.00043630
0.00043630
0.00043630
0.00043630
0.00043630
0.00043630
0.00043630
0.00043630
0.00043630
0.00043630
0.00043630
0.00043630
0.00043630
0.00043630
0.00043630
0.00043630
0.00043630
0.00043630
0.00043630
0.00043630
0.00043630
0.00043630
0.00043630
0.00043630
0.00043630
0.00043630
0.00043630
0.00043630
0.00043630
0.00043630
0.00043630
0.00043630
0.00043630
0.00043630
0.00043630
0.00043630
0.00043630
0.00043630
0.00043630
0.00043630
0.00043630
0.00043630
0.00043630
0.00043630
0.00043630
0.00043630
0.00043630
0.00043630
0.00043630
0.00043630
0.00043630
0.00043630
0.00043630
0.00043630
0.00043630
0.00043630
0.00043630
0.00043630
0.00043630
0.00043630
0.00043630
0.00043630
0.00043630
0.00043630
0.00043630
0.00043630
0.00043630
0.00043630
0.00043630
0.00043630
0.00043630
0.00043630
0.00043630
0.00043630
0.00043630
0.00043630
0.00043630
0.00043630
0.00043630
0.00043630
0.00043630
0.00043630
0.00043630
0.00043630
0.00043630
0.00043630
0.00043630
0.00043630
0.00043630
0.00043630
0.00043630
0.00043630
0.00043630
0.00043630
0.00043630
0.00043630
0.00043630
0.00043630
0.00043630
0.00043630
0.00043630
0.00043630
0.00043630
0.00043630
0.00043630
0.00043630
0.00043630
0.00043630
0.00043630
0.00043630
0.00043630
0.00043630
0.00043630
0.00043630
0.00043630
0.00043630
0.00043630
0.00043630
0.00043630
0.00043630
0.00043630
0.00043630
0.00043630
0.00043630
0.00043630
0.00043630
0.00043630
0.00043630
0.00043630
0.00043630
0.00043630
0.00043630
0.00043630
0.00043630
0.00043630
0.00043630
0.00043630
0.00043630
0.00043630
0.00043630
0.00043630
0.00043630
0.00043630
0.00043630
0.00043630
0.00043630
0.00043630
0.00043630
0.00043630
0.00043630
0.00043630
0.00043630
0.00043630
0.00043630
0.00043630
0.00043630
0.00043630
0.00043630
0.00043630
0.00043630
0.00043630
0.00043630
0.00043630
0.00043630
0.00043630
0.00043630
0.00043630
0.00043630
0.00043630
0.00043630
0.00043630
0.00043630
0.00043630
0.00043630
0.00043630
0.00043630
0.00043630
0.00043630
0.00043630
0.00043630
0.00043630
0.00043630
0.00043630
0.00043630
0.00043630
0.00043630
0.00043630
0.00043630
0.00043630
0.00043630
0.00043630
0.00043630
0.00043630
0.00043630
0.00043630
0.00043630
0.00043630
0.00043630
0.00043630
0.00043630
0.00043630
0.00043630
0.00043630
0.00043630
0.00043630
0.00043630
0.00043630
0.00043630
0.00043630
0.00043630
0.00043630
0.00043630
0.00043630
0.00043630
0.00043630
0.00043630
0.00043630
0.00043630
0.00043630
0.00043630
0.00043630
0.00043630
0.00043630
0.00043630
0.00043630
0.00043630
0.00043630
0.00043630
0.00043630
0.00043630
0.00043630
0.00043630
0.00043630
0.00043630
0.00043630
0.00043630
0.00043630
0.00043630
0.00043630
0.00043630
0.00043630
0.00043630
0.00043630
0.00043630
0.00043630
0.00043630
0.00043630
0.00043630
0.00043630
0.00043630
0.00043630
0.00043630
0.00043630
0.00043630
0.00043630
0.00043630
0.00043630
0.00043630
0.00043630
0.00043630
0.00043630
0.00043630
0.00043630
0.00043630
0.00043630
0.00043630
0.00043630
0.00043630
0.00043630
0.00043630
0.00043630
0.00043630
0.00043630
0.00043630
0.00043630
0.00043630
0.00043630
0.00043630
0.00043630
0.00043630
0.00043630
0.00043630
0.00043630
0.00043630
0.00043630
0.00043630
0.00043630
0.00043630
0.00043630
0.00043630
0.00043630
0.00043630
0.00043630
0.00043630
0.00043630
0.00043630
0.00043630
0.00043630
0.00043630
0.00043630
0.00043630
0.00043630
0.00043630
0.00043630
0.00043630
0.00043630
0.00043630
0.00043630
0.00043630
0.00043630
0.00043630
0.00043630
0.00043630
0.00043630
0.00043630
0.00043630
0.00043630
0.00043630
0.00043630
0.00043630
0.00043630
0.00043630
0.00043630
0.00043630
0.00043630
0.00043630
0.00043630
0.00043630
0.00043630
0.00043630
0.00043630
0.00043630
0.00043630
0.00043630
0.00043630
0.00043630
0.00043630
0.00043630
0.00043630
0.00043630
0.00043630
0.00043630
0.00043630
0.00043630
0.00043630
0.00043630
0.00043630
0.00043630
0.00043630
0.00043630
0.00043630
0.00043630
0.00043630
0.00043630
0.00043630
0.00043630
0.00043630
0.00043630
0.00043630
0.00043630
0.00043630
0.00043630
0.00043630
0.00043630
0.00043630
0.00043630
0.00043630
0.00043630
0.00043630
0.00043630
0.00043630
0.00043630
0.00043630
0.00043630
0.00043630
0.00043630
0.00043630
0.00043630
0.00043630
0.00043630
0.00043630
0.00043630
0.00043630
0.00043630
0.00043630
0.00043630
0.00043630
0.00043630
0.00043630
0.00043630
0.00043630
0.00043630
0.00043630
0.00043630
0.00043630
0.00043630
0.00043630
0.00043630
0.00043630
0.00043630
0.00043630
0.00043630
0.00043630
0.00043630
0.00043630
0.00043630
0.00043630
0.00043630
0.00043630
0.00043630
0.00043630
0.00043630
0.00043630
0.00043630
0.00043630
0.00043630
0.00043630
0.00043630
0.00043630
0.00043630
0.00043630
0.00043630
0.00043630
0.00043630
0.00043630
0.00043630
0.00043630
0.00043630
0.00043630
0.00043630
0.00043630
0.00043630
0.00043630
0.00043630
0.00043630
0.00043630
0.00043630
0.00043630
0.00043630
0.00043630
0.00043630
0.00043630
0.00043630
0.00043630
0.00043630
0.00043630
0.00043630
0.00043630
0.00043630
0.00043630
0.00043630
0.00043630
0.00043630
0.00043630
0.00043630
0.00043630
0.00043630
0.00043630
0.00043630
0.04943989
0.00000000
