1.00000000
0.99890830
0.99781659
0.99235808
0.97707424
0.97270742
0.96724891
0.96288210
0.96069869
0.95960699
0.95633188
0.94541485
0.94432314
0.93886463
0.93558952
0.93449782
0.93231441
0.92794760
0.92467249
0.91921397
0.91484716
0.90283843
0.89847162
0.88864629
0.87991266
0.87882096
0.87336245
0.85917031
0.85371179
0.81768559
0.80458515
0.79803493
0.79585153
0.79366812
0.78930131
0.78820961
0.78493450
0.78056769
0.77183406
0.76200873
0.75982533
0.74454148
0.73689956
0.72379913
0.72270742
0.72052402
0.69978166
0.69541485
0.69541485
0.69432314
0.69323144
0.68231441
0.66812227
0.66157205
0.66048035
0.65938865
0.65720524
0.64192140
0.63427948
0.62991266
0.60917031
0.60807860
0.60698690
0.59497817
0.56113537
0.55567686
0.53820961
0.53384279
0.53275109
0.52292576
0.50218341
0.48034934
0.47052402
0.43995633
0.42467249
0.42467249
0.42467249
0.42139738
0.42139738
0.42139738
0.41048035
0.40393013
0.38864629
0.38209607
0.38100437
0.38100437
0.33733624
0.31986900
0.31550218
0.31550218
0.31550218
0.31550218
0.30458515
0.30458515
0.28820961
0.28602620
0.27183406
0.26637555
0.26528384
0.25982533
0.25982533
0.25982533
0.25982533
0.25982533
0.25873362
0.23908297
0.23908297
0.20742358
0.19432314
0.18231441
0.18231441
0.18231441
0.17794760
0.14301310
0.12663755
0.12663755
0.12663755
0.12663755
0.12663755
0.12663755
0.12663755
0.07314410
0.05567686
0.05021834
0.05021834
0.04257642
0.04257642
0.04257642
0.04257642
0.02729258
0.02074236
0.01637555
0.01637555
0.01637555
0.01637555
0.01637555
0.01637555
0.01637555
0.01637555
0.01637555
0.01637555
0.01637555
0.01637555
0.01637555
0.01637555
0.01637555
0.01637555
0.01637555
0.01637555
0.01637555
0.01637555
0.01637555
0.01637555
0.01637555
0.01637555
0.01637555
0.01637555
0.01637555
0.01637555
0.01637555
0.01637555
0.01637555
0.01637555
0.01637555
0.01637555
0.01637555
0.01637555
0.01637555
0.01637555
0.01637555
0.01637555
0.01637555
0.01637555
0.01637555
0.01637555
0.01637555
0.01637555
0.01637555
0.01637555
0.01637555
0.01637555
0.01091703
0.01091703
0.01091703
0.01091703
0.01091703
0.01091703
0.01091703
0.01091703
0.01091703
0.01091703
0.00982533
0.00982533
0.00982533
0.00982533
0.00982533
0.00982533
0.00982533
0.00982533
0.00982533
0.00982533
0.00982533
0.00982533
0.00982533
0.00982533
0.00982533
0.00982533
0.00982533
0.00982533
0.00982533
0.00982533
0.00982533
0.00982533
0.00982533
0.00982533
0.00982533
0.00982533
0.00982533
0.00982533
0.00982533
0.00982533
0.00982533
0.00982533
0.00982533
0.00982533
0.00982533
0.00982533
0.00982533
0.00982533
0.00982533
0.00982533
0.00982533
0.00982533
0.00982533
0.00982533
0.00982533
0.00982533
0.00982533
0.00982533
0.00982533
0.00982533
0.00982533
0.00982533
0.00982533
0.00982533
0.00982533
0.00982533
0.00982533
0.00982533
0.00982533
0.00982533
0.00982533
0.00982533
0.00982533
0.00982533
0.00982533
0.00982533
0.00982533
0.00764192
0.00764192
0.00764192
0.00764192
0.00764192
0.00764192
0.00764192
0.00655022
0.00545852
0.00545852
0.00545852
0.00436681
0.00436681
0.00436681
0.00436681
0.00436681
0.00436681
0.00436681
0.00436681
0.00436681
0.00436681
0.00436681
0.00436681
0.00436681
0.00436681
0.00436681
0.00436681
0.00436681
0.00436681
0.00436681
0.00436681
0.00436681
0.00436681
0.00436681
0.00436681
0.00436681
0.00436681
0.00436681
0.00436681
0.00436681
0.00436681
0.00436681
0.00436681
0.00436681
0.00436681
0.00436681
0.00436681
0.00436681
0.00436681
0.00436681
0.00436681
0.00436681
0.00436681
0.00436681
0.00436681
0.00436681
0.00436681
0.00436681
0.00436681
0.00436681
0.00436681
0.00436681
0.00436681
0.00436681
0.00436681
0.00436681
0.00436681
0.00436681
0.00436681
0.00436681
0.00436681
0.00436681
0.00436681
0.00436681
0.00436681
0.00436681
0.00436681
0.00436681
0.00436681
0.00436681
0.00436681
0.00436681
0.00436681
0.00436681
0.00436681
0.00436681
0.00436681
0.00436681
0.00436681
0.00436681
0.00436681
0.00436681
0.00436681
0.00436681
0.00436681
0.00436681
0.00436681
0.00436681
0.00436681
0.00436681
0.00436681
0.00436681
0.00436681
0.00436681
0.00436681
0.00436681
0.00436681
0.00436681
0.00436681
0.00436681
0.00436681
0.00436681
0.00436681
0.00436681
0.00436681
0.00436681
0.00436681
0.00436681
0.00436681
0.00436681
0.00436681
0.00436681
0.00436681
0.00436681
0.00436681
0.00436681
0.00436681
0.00436681
0.00436681
0.00436681
0.00436681
0.00436681
0.00436681
0.00436681
0.00436681
0.00436681
0.00436681
0.00436681
0.00436681
0.00436681
0.00436681
0.00436681
0.00436681
0.00436681
0.00436681
0.00436681
0.00436681
0.00436681
0.00436681
0.00436681
0.00436681
0.00436681
0.00436681
0.00436681
0.00436681
0.00436681
0.00436681
0.00436681
0.00436681
0.00436681
0.00436681
0.00436681
0.00436681
0.00436681
0.00436681
0.00436681
0.00436681
0.00436681
0.00436681
0.00436681
0.00436681
0.00436681
0.00436681
0.00436681
0.00436681
0.00436681
0.00436681
0.00436681
0.00436681
0.00436681
0.00436681
0.00436681
0.00436681
0.00436681
0.00436681
0.00436681
0.00436681
0.00436681
0.00436681
0.00436681
0.00436681
0.00436681
0.00436681
0.00436681
0.00436681
0.00436681
0.00436681
0.00436681
0.00436681
0.00436681
0.00436681
0.00436681
0.00436681
0.00436681
0.00436681
0.00436681
0.00436681
0.00436681
0.00436681
0.00436681
0.00436681
0.00436681
0.00436681
0.00436681
0.00436681
0.00436681
0.00436681
0.00436681
0.00436681
0.00436681
0.00436681
0.00436681
0.00436681
0.00436681
0.00436681
0.00436681
0.00436681
0.00436681
0.00436681
0.00436681
0.00436681
0.00436681
0.00436681
0.00436681
0.00436681
0.00436681
0.00436681
0.00436681
0.00436681
0.00436681
0.00436681
0.00436681
0.00436681
0.00436681
0.00436681
0.00436681
0.00436681
0.00436681
0.00436681
0.00436681
0.00436681
0.00436681
0.00436681
0.00436681
0.00436681
0.00436681
0.00436681
0.00436681
0.00436681
0.00436681
0.00436681
0.00436681
0.00436681
0.00436681
0.00436681
0.00436681
0.00436681
0.00436681
0.00436681
0.00436681
0.00436681
0.00436681
0.00436681
0.00436681
0.00436681
0.00436681
0.00436681
0.00436681
0.00436681
0.00436681
0.00436681
0.00436681
0.00436681
0.00436681
0.00436681
0.00436681
0.00436681
0.00436681
0.00436681
0.00436681
0.00436681
0.00436681
0.00436681
0.00436681
0.00436681
0.00436681
0.00436681
0.00436681
0.00436681
0.00436681
0.00436681
0.00436681
0.00436681
0.00436681
0.00436681
0.00436681
0.00436681
0.00436681
0.00436681
0.00436681
0.00436681
0.00436681
0.00436681
0.00436681
0.00436681
0.00436681
0.00436681
0.00436681
0.00436681
0.00436681
0.00436681
0.00436681
0.00436681
0.00436681
0.00436681
0.00436681
0.00436681
0.00436681
0.00436681
0.00436681
0.00436681
0.00436681
0.00436681
0.00436681
0.00436681
0.00436681
0.00436681
0.00436681
0.00436681
0.00436681
0.00436681
0.00436681
0.00436681
0.00436681
0.00436681
0.00436681
0.00436681
0.00436681
0.00436681
0.00436681
0.00436681
0.00436681
0.00436681
0.00436681
0.00436681
0.00436681
0.00436681
0.00436681
0.00436681
0.00436681
0.00436681
0.00436681
0.00436681
0.00436681
0.00436681
0.00436681
0.00436681
0.00436681
0.00436681
0.00436681
0.00436681
0.00436681
0.00436681
0.00436681
0.00436681
0.00436681
0.00436681
0.00436681
0.00436681
0.00436681
0.00436681
0.00436681
0.00436681
0.00436681
0.00436681
0.00436681
0.00436681
0.00436681
0.00436681
0.00436681
0.00436681
0.00436681
0.00436681
0.00436681
0.00436681
0.00436681
0.00436681
0.00436681
0.00436681
0.00436681
0.00436681
0.00436681
0.00436681
0.00436681
0.00436681
0.00436681
0.00436681
0.00436681
0.00436681
0.00436681
0.00436681
0.00436681
0.00436681
0.00436681
0.00436681
0.00436681
0.00436681
0.00436681
0.00436681
0.00436681
0.00436681
0.00436681
0.00436681
0.00436681
0.00436681
0.00436681
0.00436681
0.00436681
0.00436681
0.00436681
0.00436681
0.00436681
0.00436681
0.00436681
0.00436681
0.00436681
0.00436681
0.00436681
0.00436681
0.00436681
0.00436681
0.00436681
0.00436681
0.00436681
0.00436681
0.00436681
0.00436681
0.00436681
0.00436681
0.00436681
0.00436681
0.00436681
0.00436681
0.00436681
0.00436681
0.00436681
0.00436681
0.00436681
0.00436681
0.00436681
0.00327511
0.00109170
0.00109170
0.00109170
0.00109170
0.00109170
0.00109170
0.00109170
0.00109170
0.00109170
0.00109170
0.00109170
0.00109170
0.00109170
0.00109170
0.00109170
0.00109170
0.00109170
0.00109170
0.00109170
0.00109170
0.00109170
0.00109170
0.00109170
0.00109170
0.00109170
0.00109170
0.00109170
0.00109170
0.00109170
0.00109170
0.00109170
0.00109170
0.00109170
0.00109170
0.00109170
0.00109170
0.00109170
0.00109170
0.00109170
0.00109170
0.00109170
0.00109170
0.00109170
0.00109170
0.00109170
0.00109170
0.00109170
0.00109170
0.00109170
0.00109170
0.00109170
0.00109170
0.00109170
0.00109170
0.00109170
0.00109170
0.00109170
0.00109170
0.00109170
0.00109170
0.00109170
0.00109170
0.00109170
0.00109170
0.00109170
0.00109170
0.00109170
0.00109170
0.00109170
0.00109170
0.00109170
0.00109170
0.00109170
0.00109170
0.00109170
0.00109170
0.00109170
0.00109170
0.00109170
0.00109170
0.00109170
0.00109170
0.00109170
0.00109170
0.00109170
0.00109170
0.00109170
0.00109170
0.00109170
0.00109170
0.00109170
0.00109170
0.00109170
0.00109170
0.00109170
0.00109170
0.00109170
0.00109170
0.00109170
0.00109170
0.00109170
0.00109170
0.00109170
0.00109170
0.00109170
0.00109170
0.00109170
0.00109170
0.00109170
0.00109170
0.00109170
0.00109170
0.00109170
0.00109170
0.00109170
0.00109170
0.00109170
0.00109170
0.00109170
0.00109170
0.00109170
0.00109170
0.00109170
0.00109170
0.00109170
0.00109170
0.00109170
0.00109170
0.00109170
0.00109170
0.00109170
0.00109170
0.00109170
0.00109170
0.00109170
0.00109170
0.00109170
0.00109170
0.00109170
0.00109170
0.00109170
0.00109170
0.00109170
0.00109170
0.00109170
0.00109170
0.00109170
0.00109170
0.00109170
0.00109170
0.00109170
0.00109170
0.00109170
0.00109170
0.00109170
0.00109170
0.00109170
0.00109170
0.00109170
0.00109170
0.00109170
0.00109170
0.00109170
0.00109170
0.00109170
0.00109170
0.00109170
0.00109170
0.00109170
0.00109170
0.00109170
0.00109170
0.00109170
0.00109170
0.00109170
0.00109170
0.00109170
0.00109170
0.00109170
0.00109170
0.00109170
0.00109170
0.00109170
0.00109170
0.00109170
0.00109170
0.00109170
0.00109170
0.00109170
0.00109170
0.00109170
0.00109170
0.00109170
0.00109170
0.00109170
0.00109170
0.00109170
0.00109170
0.00109170
0.00109170
0.00109170
0.00109170
0.00109170
0.00109170
0.00109170
0.00109170
0.00109170
0.00109170
0.00109170
0.00109170
0.00109170
0.00109170
0.00109170
0.00109170
0.00109170
0.00109170
0.00109170
0.00109170
0.00109170
0.00109170
0.00109170
0.00109170
0.00109170
0.00109170
0.00109170
0.00109170
0.00109170
0.00109170
0.00109170
0.00109170
0.00109170
0.00109170
0.00109170
0.00109170
0.00109170
0.00109170
0.00109170
0.00109170
0.00109170
0.00109170
0.00109170
0.00109170
0.00109170
0.00109170
0.00109170
0.00109170
0.00109170
0.00109170
0.00109170
0.00109170
0.00109170
0.00109170
0.00109170
0.00109170
0.00109170
0.00109170
0.00109170
0.00109170
0.00109170
0.00109170
0.00109170
0.00109170
0.00109170
0.00109170
0.00109170
0.00109170
0.00109170
0.00109170
0.00109170
0.00109170
0.00109170
0.00109170
0.00109170
0.00109170
0.00109170
0.00109170
0.00109170
0.00109170
0.00109170
0.00109170
0.00109170
0.00109170
0.00109170
0.00109170
0.00109170
0.00109170
0.00109170
0.00109170
0.00109170
0.00109170
0.00109170
0.00109170
0.00109170
0.00109170
0.00109170
0.00109170
0.00109170
0.00109170
0.00109170
0.00109170
0.00109170
0.00109170
0.00109170
0.00109170
0.00109170
0.00109170
0.00109170
0.00109170
0.00109170
0.00109170
0.00109170
0.00109170
0.00109170
0.00109170
0.00109170
0.00109170
0.00109170
0.00109170
0.00109170
0.00109170
0.00109170
0.00109170
0.00109170
0.00109170
0.00109170
0.00109170
0.00109170
0.00109170
0.00109170
0.00109170
0.00109170
0.00109170
0.00109170
0.00109170
0.00109170
0.00109170
0.00109170
0.00109170
0.00109170
0.00109170
0.00109170
0.00109170
0.00109170
0.00109170
0.00109170
0.00109170
0.00109170
0.00109170
0.00109170
0.00109170
0.00109170
0.00109170
0.00109170
0.00109170
0.00109170
0.00109170
0.00109170
0.00109170
0.00109170
0.00109170
0.00109170
0.00109170
0.00109170
0.00109170
0.00109170
0.00109170
0.00109170
0.00109170
0.00109170
0.00109170
0.00109170
0.00109170
0.00109170
0.00109170
0.00109170
0.00109170
0.00109170
0.00109170
0.00109170
0.00109170
0.00109170
0.00109170
0.00109170
0.00109170
0.00109170
0.00109170
0.00109170
0.00109170
0.00109170
0.00109170
0.00109170
0.00109170
0.00109170
0.00109170
0.00109170
0.00109170
0.00109170
0.00109170
0.00109170
0.00109170
0.00109170
0.00109170
0.00109170
0.00109170
0.00109170
0.00109170
0.00109170
0.00109170
0.00109170
0.00109170
0.00109170
0.00109170
0.00109170
0.00109170
0.00109170
0.00109170
0.00109170
0.00109170
0.00109170
0.00109170
0.00109170
0.00109170
0.00109170
0.00109170
0.00109170
0.00109170
0.00109170
0.00109170
0.00109170
0.00109170
0.00109170
0.00109170
0.00109170
0.00109170
0.00109170
0.00109170
0.00109170
0.00109170
0.00109170
0.00109170
0.00109170
0.00109170
0.00109170
0.00109170
0.00109170
0.00109170
0.00109170
0.00109170
0.00109170
0.00109170
0.00109170
0.00109170
0.00109170
0.00109170
0.00109170
0.00109170
0.00109170
0.00109170
0.00109170
0.00109170
0.00109170
0.00109170
0.00109170
0.00109170
0.00109170
0.00109170
0.00109170
0.00109170
0.00109170
0.00109170
0.00109170
0.00109170
0.00109170
0.00109170
0.00109170
0.00109170
0.00109170
0.00109170
0.00109170
0.00109170
0.00109170
0.00109170
0.00109170
0.00109170
0.00109170
0.00109170
0.00109170
0.00109170
0.00109170
0.00109170
0.00109170
0.00109170
0.00109170
0.00109170
0.00109170
0.00109170
0.00109170
0.00109170
0.00109170
0.00109170
0.00109170
0.00109170
0.00109170
0.00109170
0.00109170
0.00109170
0.00109170
0.00109170
0.00109170
0.00109170
0.00109170
0.00109170
0.00109170
0.00109170
0.00109170
0.00109170
0.00109170
0.00109170
0.00109170
0.00109170
0.00109170
0.00109170
0.00109170
0.00109170
0.00109170
0.00109170
0.00109170
0.00109170
0.00109170
0.00109170
0.00109170
0.00109170
0.00109170
0.00109170
0.00109170
0.00109170
0.00109170
0.00109170
0.00109170
0.00109170
0.00109170
0.00109170
0.00109170
0.00109170
0.00109170
0.00109170
0.00109170
0.00109170
0.00109170
0.00109170
0.00109170
0.00109170
0.00109170
0.00109170
0.00109170
0.00109170
0.00109170
0.00109170
0.00109170
0.00109170
0.00109170
0.00109170
0.00109170
0.00109170
0.00109170
0.00109170
0.00109170
0.00109170
0.00109170
0.00109170
0.00109170
0.00109170
0.00109170
0.00109170
0.00109170
0.00109170
0.00109170
0.00109170
0.00109170
0.00109170
0.00109170
0.00109170
0.00109170
0.00109170
0.00109170
0.00109170
0.00109170
0.00109170
0.00109170
0.00109170
0.00109170
0.00109170
0.00109170
0.00109170
0.00109170
0.00109170
0.00109170
0.00109170
0.00109170
0.00109170
0.00109170
0.00109170
0.00109170
0.00109170
0.00109170
0.00109170
0.00109170
0.00109170
0.00109170
0.00109170
0.00109170
0.00109170
0.00109170
0.00109170
0.00109170
0.00109170
0.00109170
0.00109170
0.00109170
0.00109170
0.00109170
0.00109170
0.00109170
0.00109170
0.00109170
0.00109170
0.00109170
0.00109170
0.00109170
0.00109170
0.00109170
0.00109170
0.00109170
0.00109170
0.00109170
0.00109170
0.00109170
0.00109170
0.00109170
0.00109170
0.00109170
0.00109170
0.00109170
0.00109170
0.00109170
0.00109170
0.00109170
0.00109170
0.00109170
0.00109170
0.00109170
0.00109170
0.00109170
0.00109170
0.00109170
0.00109170
0.00109170
0.00109170
0.00109170
0.00109170
0.00109170
0.00109170
0.00109170
0.00109170
0.00109170
0.00109170
0.00109170
0.00109170
0.00109170
0.00109170
0.00109170
0.00109170
0.00109170
0.00109170
0.00109170
0.00109170
0.00109170
0.00109170
0.00109170
0.00109170
0.00109170
0.05227308
0.00000000
