1.00000000
0.98443580
0.97276265
0.96498054
0.95719844
0.94552529
0.94163424
0.93385214
0.92607004
0.92217899
0.91828794
0.91050584
0.90661479
0.89494163
0.88326848
0.87937743
0.87548638
0.86381323
0.85992218
0.85603113
0.84435798
0.84046693
0.82879377
0.81322957
0.80155642
0.78599222
0.78210117
0.77042802
0.76653696
0.76264591
0.75875486
0.74708171
0.73929961
0.73540856
0.73151751
0.72762646
0.65758755
0.65369650
0.64980545
0.64591440
0.64202335
0.63813230
0.58754864
0.57976654
0.56809339
0.56420233
0.54863813
0.54474708
0.54085603
0.53696498
0.53307393
0.53307393
0.52918288
0.52529183
0.52140078
0.51750973
0.48638132
0.47470817
0.44747082
0.43190661
0.42801556
0.40077821
0.38132296
0.37354086
0.36575875
0.33463035
0.29961089
0.28793774
0.27237354
0.22957198
0.16731518
0.16731518
0.16731518
0.04280156
0.04280156
0.04280156
0.04280156
0.03891051
0.03112840
0.03112840
0.03112840
0.03112840
0.03112840
0.02334630
0.01945525
0.01945525
0.01945525
0.01945525
0.01945525
0.01945525
0.01945525
0.01945525
0.01945525
0.01945525
0.01945525
0.01945525
0.01556420
0.01556420
0.01556420
0.01556420
0.01556420
0.01556420
0.01556420
0.01556420
0.01556420
0.01556420
0.01556420
0.01556420
0.01556420
0.01556420
0.01556420
0.01556420
0.01556420
0.01556420
0.01556420
0.01556420
0.01556420
0.01556420
0.01556420
0.01556420
0.01556420
0.01556420
0.01556420
0.01556420
0.01556420
0.01556420
0.01556420
0.01556420
0.01556420
0.01167315
0.00389105
0.00389105
0.00389105
0.00389105
0.00389105
0.00389105
0.00389105
0.00389105
0.00389105
0.00389105
0.00389105
0.00389105
0.00389105
0.00389105
0.00389105
0.00389105
0.00389105
0.00389105
0.00389105
0.00389105
0.00389105
0.00389105
0.00389105
0.00389105
0.00389105
0.00389105
0.00389105
0.00389105
0.00389105
0.00389105
0.00389105
0.00389105
0.00389105
0.00389105
0.00389105
0.00389105
0.00389105
0.00389105
0.00389105
0.00389105
0.00389105
0.00389105
0.00389105
0.00389105
0.00389105
0.00389105
0.00389105
0.00389105
0.00389105
0.00389105
0.00389105
0.00389105
0.00389105
0.00389105
0.00389105
0.00389105
0.00389105
0.00389105
0.00389105
0.00389105
0.00389105
0.00389105
0.00389105
0.00389105
0.00389105
0.00389105
0.00389105
0.00389105
0.00389105
0.00389105
0.00389105
0.00389105
0.00389105
0.00389105
0.00389105
0.00389105
0.00389105
0.00389105
0.00389105
0.00389105
0.00389105
0.00389105
0.00389105
0.00389105
0.00389105
0.00389105
0.00389105
0.00389105
0.00389105
0.00389105
0.00389105
0.00389105
0.00389105
0.00389105
0.00389105
0.00389105
0.00389105
0.00389105
0.00389105
0.00389105
0.00389105
0.00389105
0.00389105
0.00389105
0.00389105
0.00389105
0.00389105
0.00389105
0.00389105
0.00389105
0.00389105
0.00389105
0.00389105
0.00389105
0.00389105
0.00389105
0.00389105
0.00389105
0.00389105
0.00389105
0.00389105
0.00389105
0.00389105
0.00389105
0.00389105
0.00389105
0.00389105
0.00389105
0.00389105
0.00389105
0.00389105
0.00389105
0.00389105
0.00389105
0.00389105
0.00389105
0.00389105
0.00389105
0.00389105
0.00389105
0.00389105
0.00389105
0.00389105
0.00389105
0.00389105
0.00389105
0.00389105
0.00389105
0.00389105
0.17282401
0.00000000
