173
359
589
108
336
219
361
562
943
288
853
166
440
549
535
1
666
62
830
1026
342
159
389
114
581
50
198
113
248
854
91
580
630
652
40
76
847
799
433
267
770
532
803
676
889
773
637
444
96
756
259
349
797
170
974
1011
181
578
465
892
732
946
320
83
353
541
428
810
269
365
57
413
340
23
573
656
445
442
716
1008
528
814
367
800
734
655
525
323
200
97
924
362
981
923
1005
476
455
158
153
472
857
717
13
250
985
303
778
926
702
955
882
186
177
423
577
539
611
30
414
762
837
550
278
31
10
995
332
174
59
378
542
718
126
568
258
864
310
189
193
449
167
424
139
85
118
150
896
42
197
387
1033
886
426
36
60
973
690
897
301
370
380
793
669
576
462
1001
678
1016
641
695
705
633
190
668
523
1020
497
805
128
613
194
828
761
482
56
806
860
501
81
697
557
635
606
538
991
875
563
315
834
844
470
274
617
561
67
594
357
394
653
335
662
162
363
309
664
620
328
178
741
942
324
235
751
242
209
302
722
512
224
607
816
522
236
164
681
279
692
738
1015
275
784
515
33
12
29
244
513
651
921
15
254
684
885
485
963
2
106
44
293
859
133
735
939
906
632
565
911
64
55
878
397
411
703
21
891
176
127
151
842
154
870
724
347
927
239
979
78
249
383
427
228
699
904
765
596
618
316
742
519
385
345
572
469
625
474
902
643
277
39
478
1018
604
782
220
503
736
511
399
704
292
592
43
934
763
866
481
395
1034
910
393
471
807
500
14
290
99
351
400
89
132
230
16
38
920
461
374
988
616
610
720
243
815
188
408
35
344
204
366
1040
1004
152
622
103
308
922
221
966
769
488
771
131
237
432
534
631
330
619
494
781
801
434
1025
928
711
216
898
597
883
412
201
122
571
144
210
475
80
334
748
905
586
1024
809
459
993
629
73
241
526
671
914
694
701
954
286
491
537
28
352
868
546
207
438
908
260
682
69
129
872
706
688
257
583
104
19
895
755
398
375
957
531
986
86
560
996
661
419
873
183
530
737
246
317
925
441
402
47
1012
146
794
1032
818
789
325
952
749
811
960
252
876
261
490
1021
466
813
123
978
251
314
739
601
287
217
582
779
1013
726
0
34
271
710
1036
130
169
231
437
372
777
32
764
529
229
1010
439
53
3
111
1023
913
964
480
972
956
672
384
321
935
679
253
70
547
101
496
498
192
752
238
574
11
796
391
346
881
390
556
983
405
165
845
318
670
603
458
862
45
281
909
929
107
945
1031
187
740
1019
24
713
871
654
489
802
37
707
409
877
289
306
585
291
1002
731
821
689
621
510
1017
785
691
403
223
300
460
473
665
554
642
721
25
588
835
667
880
1035
46
555
989
98
817
376
719
987
425
185
822
184
368
899
579
900
272
812
451
74
203
179
575
708
948
354
865
304
175
659
614
658
105
936
990
786
284
457
456
808
941
917
339
698
377
798
962
333
636
196
648
634
79
136
263
157
790
628
869
18
915
747
975
516
605
788
26
396
727
967
595
343
992
843
627
841
137
134
823
1003
970
206
848
819
861
299
502
296
548
745
75
984
147
382
294
1027
591
273
270
463
540
638
350
884
754
6
587
143
141
947
280
976
117
156
448
657
51
930
212
453
590
110
527
795
584
776
211
533
505
446
888
112
693
311
609
524
640
422
