11620
11608
11632
11628
11613
11623
11619
11612
11616
7361
11630
9198
11621
8155
11631
7087
82
53
2313
171
11633
2045
478
11610
9208
427
506
217
2445
3532
591
590
381
714
3283
1033
9204
542
104
4612
717
3113
480
1149
10079
5804
577
1750
415
1247
2872
40
208
9199
1406
251
4260
2916
5
451
433
394
7122
8537
5214
339
572
479
1210
2730
1140
11609
95
1026
781
2366
683
198
3056
111
715
697
6281
6278
1659
9201
2224
7491
89
550
5653
206
728
719
268
806
2003
1263
1384
36
682
3339
47
250
0
2659
7490
957
8662
3801
2478
2024
454
71
2797
1586
4664
2798
2796
505
450
3781
44
4666
886
1044
1071
1620
3639
1066
5255
9203
873
37
299
6788
604
4165
1710
4954
259
219
3798
1483
23
2061
504
1359
11066
5308
5866
710
1160
3204
3205
38
6915
1410
3277
41
4606
1548
5810
411
841
11624
865
1966
4683
3241
3453
4662
92
4855
4546
393
3662
2056
1249
9081
8476
1902
5156
803
1424
106
664
46
4595
1910
6672
659
6155
6244
3640
6225
501
51
296
4355
2917
2392
631
4262
2576
3929
8510
3504
2090
1941
4538
2222
7948
7729
5668
7942
1745
2835
5746
8674
3481
7407
6515
2160
6775
7787
5561
3320
1816
2915
9202
4303
10772
6196
516
5309
6062
4015
8823
4292
3345
632
3155
4591
5805
7331
3201
3603
4320
1860
937
3887
1195
6685
571
807
143
2542
230
1547
3284
1730
152
1952
6710
5868
3914
6541
1327
3650
5426
4971
7217
3483
4604
1361
2919
6076
2484
1634
4345
6156
4497
303
7884
269
2170
3742
4164
7762
3811
1807
11584
3188
6193
3022
974
5973
9483
5790
7337
7633
1539
867
2608
5310
10146
10335
2165
3257
1848
8822
3579
3524
131
2631
9274
7959
6750
635
681
4557
6025
3015
2807
7822
868
2241
808
7334
1248
11779
1716
4958
2134
4082
3835
5441
6250
2288
1571
1903
7160
5887
423
2674
744
3654
1092
4192
4193
3889
4159
5682
2539
6374
1477
6373
9402
8758
6542
4105
4078
3459
912
6715
5307
11627
9207
200
4621
2084
5020
4092
384
5794
2900
4216
3327
5072
1349
690
8910
3340
3570
2854
9247
709
67
456
1627
5147
4209
10669
1967
4085
9277
2747
1641
8101
396
1598
8477
5286
1382
7966
5951
45
4454
7457
8989
6714
11615
5306
9206
7330
4849
6059
5760
6393
9151
316
7086
1850
6140
7010
4906
1808
7790
4427
6787
975
800
4628
5623
2802
225
286
7025
6423
5256
5413
5910
4228
6550
2278
4131
1818
1240
4100
7142
7141
343
10678
10679
1723
6917
5907
369
726
8024
8023
2119
5289
3427
6197
9085
4059
8929
4032
7525
2274
493
491
765
11593
5534
4261
4239
856
4319
5438
1806
8568
4245
11295
7195
7903
6440
720
1705
6468
5918
8209
4836
913
3788
3239
4914
11242
6649
9191
4338
9549
5212
9990
5403
8195
11914
12017
5102
10167
3590
10618
10293
8570
8297
10908
6860
11513
7870
8248
7507
8323
10053
9803
6575
4055
5508
3559
10616
455
11507
4094
9285
4950
4955
4307
7323
1167
5630
4889
5807
6079
6974
2701
925
9034
2753
9133
8029
718
6195
6194
9140
11490
5223
5222
1115
110
5362
79
9107
2446
4555
10098
4846
214
431
3238
2340
576
6249
6246
1943
1379
5675
5673
9056
5182
2044
2073
151
8939
7879
7876
7194
4418
1290
7336
11065
11622
5315
50
5695
6707
6748
1679
4698
11885
1605
10049
8307
3810
4060
6354
5953
5852
3492
10672
4814
1444
4210
6729
2025
5446
4081
409
1212
1847
9229
10655
725
6391
4106
4858
494
7124
2438
940
1347
2356
6219
5439
1257
11294
6524
3749
7193
733
2107
3657
4349
9104
1826
6963
1856
5299
2006
6877
4647
7321
976
197
6785
3986
13
7121
10018
2972
2708
4147
3608
4167
8403
156
4802
2924
5455
6386
5533
11594
3325
5592
4502
4545
11656
2541
5482
11254
6443
9993
6347
467
5627
11650
11588
5074
6190
9618
10325
6873
2821
7555
7723
6651
6304
4180
4339
9119
2470
4075
3558
4056
10011
8506
6797
1638
3475
999
11194
1711
7428
5221
6132
4331
10533
5209
7878
10387
3454
9190
570
8398
8298
11467
3449
10814
10337
3116
9681
8571
5329
6588
7355
1116
4162
4301
9376
11810
10168
723
9969
3803
7510
4177
10412
5662
8623
954
4949
7997
11493
2425
12002
6950
5405
12018
6221
4270
11585
9224
5506
3586
6767
7665
10648
11400
7143
4200
8678
9553
6039
5728
12197
9805
4315
4247
9581
11074
11505
9282
7756
8861
9491
6757
7874
5599
11916
6247
5192
6075
9768
9234
9513
5510
6028
10905
9620
8040
10621
7850
10785
10968
11243
9087
12089
8043
5261
4937
11942
3652
11939
7102
5234
5233
11131
18
6333
72
5463
5464
5460
5583
5585
5584
5553
5552
5550
5325
5326
5322
9429
9426
2311
5337
5334
5336
7863
2254
7865
7289
7288
7290
11945
11944
7546
6149
6150
6151
8305
8309
8306
4554
4558
4553
10680
10683
10681
209
321
4224
5535
9738
6485
5109
977
158
9736
3663
4052
7385
729
11655
9493
4424
6387
9337
1583
6927
2622
2019
2171
2907
5131
1018
1648
5100
1229
5453
5204
1325
1027
3154
1418
4154
3527
4391
7227
1197
1145
2540
7763
9475
61
10826
2595
249
5481
2264
10418
3482
5830
9055
4966
60
1357
3337
2925
8114
5759
5503
2813
4716
2679
1321
5914
4766
4684
3859
3858
3857
2847
9172
11064
11063
11070
4996
4995
4997
4994
11614
11617
11629
11611
5313
5303
5312
5311
9299
9300
9298
9304
5697
5691
5692
5696
9146
1895
9149
2256
7639
7635
7637
7638
11302
11345
11342
926
11606
11603
11604
11605
9205
9194
9195
3578
6711
6716
6717
6713
10728
10731
10725
10727
6746
6745
6747
510
7335
7333
3669
7338
4281
4278
4282
727
7275
11153
3099
4751
4622
8693
7410
7952
4845
5647
6488
3503
7393
2673
8996
582
8022
4372
271
12177
12132
5028
1649
2334
5267
3373
8780
5854
7574
3609
1129
9387
7394
8995
6220
7119
7409
8239
9395
4471
1261
6331
6309
4623
4343
2209
2856
1604
1313
11154
10503
3966
9756
12131
5548
7954
6490
10775
2408
633
407
584
4394
8282
3100
5071
3249
7530
7941
2675
5019
6800
8715
4080
5442
1163
9403
2442
4370
16
215
2062
2404
5292
178
6226
4420
1944
9700
35
828
5648
1358
2785
3227
4173
7365
4905
1530
4987
5943
4384
11134
6365
457
3493
11300
887
5922
2853
3903
5851
9394
9393
9502
2844
5230
10222
4590
2229
1419
761
11665
8422
11667
4311
3528
5912
10900
4306
3886
5180
11305
11920
6297
8915
8911
8407
8673
5708
5909
4296
4861
5906
7860
11260
1136
6584
5680
5902
9368
1398
11264
3656
7853
11725
7230
9787
9913
4805
8333
5797
1689
9921
9110
3868
11307
5863
11951
9384
4544
11717
6566
1385
1667
832
5155
4815
4847
3631
9005
5445
2658
5435
2664
4674
432
9906
538
10173
11719
6324
7824
1632
5874
6327
8982
8978
8211
4807
4796
4808
5869
6563
6815
9752
11731
5940
7812
5817
2991
6535
4961
1079
1722
11276
11989
1076
1355
4231
6560
679
8250
4777
5138
8144
9734
9351
9732
5832
10442
7232
8115
2560
9019
9102
9017
8238
6821
2867
2685
4223
9721
7181
4765
8273
3971
2080
3895
2076
1784
6681
9712
10006
8541
8920
9986
2358
1302
7786
880
7784
4208
4924
5750
4761
9533
8961
9287
10296
2342
8634
11111
8202
1936
638
8695
7777
8197
9689
9518
5370
2950
8511
5125
1315
6606
9266
9419
6111
10052
7769
9254
1310
8500
6754
11744
10631
7242
1728
5116
5114
2934
11751
8689
4542
8584
4426
1441
3395
10874
449
1430
6661
2830
2069
10340
2921
6430
322
4602
9243
1213
6545
9974
3949
11211
4665
5802
9650
9598
9648
2578
5674
2577
2206
11144
4153
9516
2913
1021
6441
7489
3600
10341
5146
12114
7733
7044
5080
10458
6740
5788
7728
3187
4936
9764
6647
11768
9250
5254
5095
4521
8137
1147
4129
7038
6653
9737
881
5594
6095
6437
4123
12111
5597
3855
5057
10374
6791
1122
6630
11348
11457
6900
1492
2514
5501
2511
1111
10032
5452
6789
10066
7479
2505
7694
4102
6518
4099
7228
4097
4095
7057
7927
228
7396
7683
1876
8159
5195
9593
4332
8628
4468
11371
4088
1239
7914
12146
5046
10825
3746
3837
9579
318
11396
7413
11678
8481
9987
1680
10853
9573
4607
5557
4388
5066
6493
10330
5252
10362
6696
9211
9829
5340
3787
4063
4061
6945
6141
799
10576
9035
297
5964
11814
804
7009
11003
8035
6068
11796
10656
10536
10050
6372
11484
8924
5619
4351
5698
10473
6101
7267
7512
7642
5959
9231
1617
11438
10490
8051
12159
5969
5972
6390
7923
9827
8269
5974
10594
7382
6392
4499
10752
7270
150
10955
4030
3196
3225
5237
10531
7982
2243
4393
8167
9933
10723
6470
4974
10670
9928
137
11805
4018
4016
7206
9595
6954
5659
9484
11843
4964
7614
4010
6285
5030
3619
9983
8026
9408
7908
7936
5288
11580
7416
10570
5523
7606
6435
6989
1849
6459
10595
10780
6980
8117
7314
5981
2277
7517
4930
6042
6438
12194
6617
10542
6239
7264
7523
6026
7488
6976
6598
10842
10588
10440
10103
10100
7466
1542
7451
11853
5532
10000
3582
11824
7303
6894
148
2246
11500
9981
5348
3957
11234
4851
4682
5026
5143
6512
4455
4452
7565
7563
5140
5693
10272
5590
9679
9680
5643
2706
5133
5132
7558
7556
3960
12088
11600
11598
8219
6893
11491
11492
9677
2624
2506
8088
10085
10534
9223
9222
6198
9141
10275
10274
9869
9870
4340
4341
1976
4199
5661
3613
10704
10705
2282
8461
3115
3112
9200
9197
6080
6078
4898
4897
9456
10812
5727
5731
2273
2788
4891
4890
621
5913
763
2339
8484
4054
6357
7226
5652
6552
5651
5650
758
759
6452
9751
9123
9118
1127
6124
6948
6947
8032
8033
3367
4573
8028
302
11506
11508
1499
1497
4641
4730
9193
3063
9599
9600
8655
6215
1120
6092
9430
9428
592
8264
6953
6951
1949
10110
4957
12196
8766
8765
2231
9617
4676
4675
3916
3913
6444
6445
4633
4635
4632
4631
7509
7019
5626
5625
11516
11515
4386
4694
9411
3571
12066
12067
4626
4624
7503
7502
5621
5622
1107
9585
2212
1000
6795
1025
1443
9872
2205
7283
6102
6103
7968
7970
10295
8862
5098
1776
2198
7422
8111
8109
5153
7429
2422
4828
8433
6428
9060
9058
2801
371
7955
7956
546
4057
9568
9569
9385
6603
5598
5601
11244
11246
4357
9576
5149
1709
4354
8839
4820
4819
10726
10729
8420
8336
9375
9374
8676
8629
9748
9747
11521
4810
8084
8083
4712
4713
9551
9550
11649
11651
10301
10302
9963
9964
6129
6131
8659
8660
5091
6589
10410
10413
11106
9116
3023
418
3869
4531
9359
3557
1932
7377
5587
5586
8402
8404
8401
8400
3862
3861
8056
6962
4329
4327
1769
9258
9344
9267
5076
5075
3005
5184
3856
861
8469
7085
11099
6308
9150
9147
8990
8799
8042
8324
9855
9856
8039
8038
7872
7871
6154
6180
8034
1908
5573
5571
7864
7866
4523
4525
8595
10166
4181
7078
12101
12102
8274
8276
476
3691
4176
5504
2341
8926
10429
10431
11857
11855
3841
4104
9311
9312
4308
4309
7437
7435
9307
9308
9306
9305
8948
8941
9303
9301
1717
5128
6168
6167
8943
4903
6984
6983
4300
4302
8938
8936
2436
10969
10004
1409
8555
8554
6986
6988
3713
7849
11872
11873
11576
11578
9584
9583
3462
7829
7996
2407
9283
9284
11250
11252
634
9967
4289
8194
11582
11583
10010
10012
7988
7987
11586
11587
2075
8266
12117
12118
4279
4277
9769
9770
6572
6571
7419
10906
3812
10558
10016
10015
7977
7978
6073
6074
8636
8637
1671
1670
1375
4264
8903
8902
4745
4744
2058
9278
7964
7965
4269
4268
4267
4266
9120
10828
8322
8399
11884
11256
8887
8889
11882
11880
9762
9760
9665
6253
2533
3272
8310
8308
5402
5404
4732
8894
10323
10324
10519
10517
8299
8296
5169
5171
10475
10476
4560
4559
11759
11758
8739
8738
11357
11358
3790
3789
4577
4578
11607
1880
4076
1764
1192
10682
1190
12003
11069
11068
11399
11401
7668
7669
4934
2737
4067
4066
12015
12016
9643
9644
6401
6399
7389
7388
10771
10773
8245
8246
10334
10338
10044
10045
6243
6245
8573
8572
5808
5811
4940
6846
11334
11332
10496
5418
11618
11626
4048
4046
10556
10554
7634
7636
6650
6652
7704
7703
5819
5820
4687
4686
933
932
10563
10565
6569
6568
7693
7691
5226
5224
6735
6734
7880
7881
9991
9992
564
6782
4945
4946
7103
944
11906
11907
9886
9887
7597
7599
908
909
4492
4491
9528
9527
6670
76
7360
7358
10786
10787
7666
7664
9744
9746
6679
6678
7357
54
7662
7661
9972
9970
6274
6276
9811
9810
9812
9813
11428
11429
11075
11076
2850
4993
8262
8261
12164
12163
6282
6279
12168
12170
10525
10526
10354
10355
8685
8686
1080
1866
7846
7844
12005
12006
11672
549
9086
9083
8652
8653
4959
3244
8508
8505
12172
9490
5189
5191
9806
9807
2502
94
7836
4990
9080
1342
6708
6709
10619
10622
11284
11986
10647
10646
8624
8626
7128
4107
7340
7332
5847
5845
7161
7162
3230
8729
5849
3645
5425
5427
6038
6037
4434
4432
5104
3474
4163
4161
10633
10634
4953
4952
4158
4157
8718
8719
10932
10933
10809
10811
6302
6303
11346
11344
9510
9509
6995
6994
6674
6675
2387
11132
6191
5995
5304
5305
10386
10388
3587
3589
953
952
4146
4145
11148
11147
4406
5744
6744
6743
6364
556
4138
11196
9844
9645
12187
12188
7592
7593
9694
9703
7041
7040
11827
11826
9914
9915
5213
5211
5509
5511
11469
11468
10456
10454
6758
6755
11917
11913
9236
9235
5323
5327
9777
9778
6874
6872
7296
7295
7063
7065
7293
7292
6320
6322
11953
11954
5328
5330
5465
5461
262
3537
7070
7069
6766
1262
6632
6631
6153
6152
9623
9622
11420
11421
9708
9709
9834
9835
10092
10113
6207
6206
5702
5701
5335
5338
6348
6345
9511
218
11816
11817
7613
10269
11437
11435
6668
6669
11218
11219
6006
6029
9716
9718
11216
11214
7237
7236
2213
4948
11808
11811
5880
5882
9943
9942
2005
9726
5355
5354
11799
11798
11790
11792
11947
11948
7110
7109
9042
9041
10951
795
7139
7140
4981
4984
11781
11778
4976
4977
8866
6287
9070
3731
5231
6684
2004
6216
6183
7788
9624
3278
7521
1317
5745
7406
7929
7935
5942
39
11372
1363
11483
8805
