1352
1291
14
523
46
1017
711
123
429
108
952
477
616
63
715
1175
1129
1131
255
303
549
508
368
27
1396
372
1046
564
198
1041
1190
900
1388
380
1198
687
1231
511
584
423
1033
157
365
1222
590
1243
280
628
93
1068
457
1151
124
841
347
832
494
396
472
416
895
936
238
384
898
1322
1297
1332
665
787
876
1127
1094
254
383
1055
659
545
668
824
25
146
614
1048
1268
338
990
231
768
1107
1065
798
283
1290
1172
107
1110
795
598
392
526
1189
1226
216
506
702
864
748
487
851
932
11
295
343
61
69
1265
1088
1108
725
1209
1307
949
497
1323
803
261
1031
156
1123
234
26
1217
719
636
601
325
1302
606
436
933
101
760
1343
1095
223
811
965
513
211
189
827
336
814
1133
1170
294
350
512
1359
904
424
690
1362
66
412
419
1061
1059
205
620
3
209
17
1312
822
959
363
660
54
1375
1245
285
444
860
44
39
1124
751
113
1140
755
842
1156
471
349
1257
1273
98
699
518
265
13
1045
81
395
312
0
966
808
522
422
404
59
227
589
99
740
1215
555
913
1038
542
176
716
1338
145
554
548
183
766
892
979
152
970
630
605
1098
279
1097
1380
1104
871
1090
1337
1137
1002
790
991
704
646
9
626
376
468
1183
1080
115
862
375
1236
222
706
517
164
1371
445
791
602
853
1005
1109
1113
764
182
770
10
408
857
208
243
1141
1295
539
578
304
826
393
451
926
1317
332
207
817
595
450
245
1188
1042
476
1079
621
703
1255
1007
800
126
1102
691
1394
774
720
1118
1334
863
869
1270
463
253
986
1161
741
761
713
460
984
983
1158
459
919
654
328
917
1304
1234
1233
239
640
431
1155
712
454
1278
1024
994
749
688
903
1037
1057
1114
1239
307
1283
684
1240
1241
302
300
839
1069
1066
937
296
1150
968
893
675
788
1021
288
889
1149
184
887
661
1032
1148
779
631
742
881
785
553
439
1216
942
772
270
645
437
874
178
815
1018
940
263
1143
1194
173
759
973
433
866
432
269
168
528
502
430
1313
1314
747
498
976
351
1298
292
854
1092
677
676
237
235
1132
1259
1044
1229
1261
847
229
845
409
971
1164
559
558
358
739
1166
644
838
287
574
835
1305
1350
121
415
830
987
1315
775
118
326
410
226
698
119
74
1204
136
109
600
390
391
188
816
1212
540
378
680
967
374
405
930
608
1013
387
96
776
58
53
52
520
1040
371
544
382
28
1084
47
1381
112
1076
1223
521
709
30
1
1154
1385
581
939
31
1159
1228
495
536
1210
485
641
974
902
650
491
1369
1211
943
488
1073
530
531
782
894
1022
1320
240
465
560
938
1134
322
1284
996
846
443
777
655
944
400
629
969
627
1085
1025
155
386
909
1269
622
623
252
1091
813
1271
489
769
639
767
504
1026
353
765
165
888
1256
662
215
452
1050
1276
618
610
1162
224
1251
1029
456
1028
68
1152
1389
931
1153
111
427
757
117
681
1012
1280
23
1082
666
653
818
138
718
591
1051
750
1357
649
18
588
1382
426
289
131
458
746
355
210
148
337
1252
257
194
1106
250
577
793
411
1266
1176
86
122
652
886
327
571
320
120
964
733
428
908
538
731
563
200
2
519
1253
397
266
114
1260
1296
651
196
64
723
960
1192
79
360
992
219
76
193
144
1063
962
547
348
1311
923
298
570
297
694
1178
354
821
1014
1060
678
274
91
496
1111
1160
62
796
534
1249
906
1015
1395
1347
440
579
316
708
5
550
80
929
792
927
834
341
1330
306
907
249
856
859
729
399
843
202
1128
537
945
1074
981
