1999
7568
8199
130
2783
137
6348
1141
15769
15250
809
1681
2749
14275
201
77
7670
36
6372
4109
12402
9963
17
13377
5853
6894
29
39
101
818
3793
277
1089
12634
15249
3967
933
5288
6450
445
931
2730
14649
794
14831
108
637
3716
5358
2745
10311
7131
5194
2849
4060
1031
5400
2805
934
461
71
3125
10441
5579
10437
4354
10926
5159
1866
1389
7172
10673
628
780
8280
3867
11465
11813
2042
3818
657
13255
2975
8152
1524
11766
119
14654
74
2401
23
12867
3864
746
2271
3879
55
7156
242
5606
2906
3934
348
227
10908
2868
1168
591
88
16286
8403
3854
285
1387
771
3278
14670
3806
195
5287
7126
1421
5951
4047
2879
4862
1325
89
8108
202
4744
10389
1612
792
528
3874
353
8408
87
171
208
5702
2163
8445
9
470
3397
4282
2804
9966
439
451
3892
216
1431
1770
7843
3868
5290
9404
2811
282
231
212
311
3839
870
12873
9957
14904
7287
1703
2184
2345
1417
2295
11529
205
986
3862
2568
3898
10048
2872
9028
3914
2657
1388
3871
3524
4638
26
3829
863
9937
1487
755
2724
2216
3757
428
58
391
2484
218
9976
291
5954
510
4595
732
761
3875
4693
14639
4541
748
4787
10122
5673
665
2728
5900
2002
2817
880
4334
1482
3890
9090
5879
317
156
10133
2852
1520
1375
3853
3761
57
9315
8409
54
3876
511
811
762
10130
431
7088
220
819
3851
3378
10070
482
182
2851
850
183
5928
9928
4974
5112
93
5211
3809
4121
3677
679
2832
83
3762
1938
2922
1529
1677
3794
5275
1803
11620
131
238
702
4804
337
896
2850
12168
6371
6198
7652
5823
11470
957
2781
3468
10125
16249
12160
4418
3833
2468
4783
4448
605
2725
3478
3015
5299
327
4100
148
613
621
7
225
803
739
756
1697
4348
578
751
515
3693
1435
1056
1783
6533
11459
11521
4108
3872
987
3402
107
124
5993
7924
6005
594
522
10126
10123
123
4303
4254
4521
2545
147
13025
10256
4706
2562
4526
351
448
1043
902
731
713
5435
2336
486
733
6785
430
2373
3869
4809
158
5156
109
153
5801
807
3683
211
767
6271
561
667
5240
3384
810
5864
3123
1787
573
5160
9854
435
806
112
3899
415
4276
1044
672
1981
9667
139
567
3999
1980
3847
38
82
824
365
8647
5468
8047
261
307
674
3877
843
1412
911
240
3096
3812
3752
2576
3121
1042
1458
4409
3680
973
429
673
2839
2952
4530
1068
699
3805
4889
1074
3707
6100
6364
452
222
497
2793
4020
1535
1473
4170
862
8956
1884
278
67
3211
2994
357
4247
3706
1752
410
3362
207
3859
163
2361
3772
4715
10369
5769
299
3060
422
194
2855
10092
12067
10127
4261
1881
3803
4406
4029
2653
500
1862
7256
457
10847
4931
6405
2109
407
1404
6068
588
4781
6203
5598
5071
11582
1561
146
4459
161
893
9962
8619
2755
694
833
3679
3760
5230
5184
1835
3293
3703
1722
766
98
8428
3704
10463
3810
8
1823
1088
988
3322
237
790
47
2176
1409
3946
5537
2769
230
4011
3002
1890
414
585
641
2235
6017
5069
1037
6349
3804
3984
3020
449
8671
3753
2280
868
925
1
1851
3991
659
1356
259
1673
961
264
2876
2060
490
4295
5373
4561
2763
8652
531
297
51
243
375
947
4440
2696
2977
2814
2714
458
3801
4120
631
273
3979
6469
6132
772
3231
705
3832
3799
3792
5988
343
3906
283
143
3274
507
1408
7722
3442
2778
79
248
4714
2248
1682
4357
254
6598
4373
839
8968
689
3549
8629
2834
60
3684
7203
3963
1486
3977
2641
4123
4813
908
272
408
1041
456
791
4673
7434
4302
7354
4248
7102
1464
97
6973
2651
2449
4739
179
3913
4350
2833
891
10852
5641
3740
6355
1767
443
390
6436
478
11000
3198
4659
5877
3335
1955
1082
4720
305
2535
8565
6052
1452
834
4954
7383
2299
3
593
206
14669
1953
3064
7870
4215
706
362
11
4868
9057
384
2875
6093
7192
3645
7370
3093
4300
4217
103
6483
2890
764
2497
176
1009
6085
523
2759
2146
3066
8412
8951
5196
2673
8417
4119
636
852
691
2869
1829
3943
2999
110
3639
3826
3797
309
3926
3169
876
3837
8468
383
1102
3855
684
90
9082
1952
3055
3558
558
10129
4062
960
9978
2027
563
2240
3168
2854
4929
4816
304
2369
7179
9367
8375
8042
2877
2878
3882
1802
4075
1875
4043
2374
3391
7820
2720
629
4347
1049
4116
6344
3603
3244
3493
5473
3433
138
814
2246
582
3863
279
5374
1440
1466
747
466
6904
3557
921
918
897
363
4849
4564
136
4407
6992
1475
3971
3637
99
24
8857
3104
6760
1156
4151
2035
160
4127
1402
820
953
5491
10440
2873
3681
338
464
7142
1779
3702
2472
8632
2726
3959
1069
600
7742
568
376
388
5121
3836
1162
2416
434
1161
2615
2074
4136
4488
878
3987
618
4576
708
7695
1618
1995
168
169
6576
1680
255
5306
7174
599
8194
7840
1933
2166
3497
859
1048
2974
3515
4802
14820
2885
3631
3519
2828
2824
4079
4367
1800
3831
4738
1864
10
875
2465
16349
187
4736
800
2179
6445
7224
64
1522
799
3513
4601
1655
4823
6537
559
324
765
749
5279
3993
871
655
210
2991
4665
1494
3700
3701
4149
1416
6612
2916
4928
2776
149
2075
3756
8504
3763
9865
2862
5814
308
2807
704
4092
8586
122
1726
5349
693
8562
4122
901
1755
1040
2639
5548
801
2874
602
292
4682
935
8429
3479
6746
3905
2768
3031
4982
1772
386
4941
5209
4260
280
4649
832
3938
1392
2087
2077
1967
1968
5781
606
6185
5120
2145
3224
4148
4517
3922
892
245
4067
2840
5091
3842
3499
432
2884
4017
4015
6692
4426
475
1847
5404
1134
4172
356
3743
2197
898
7176
617
570
11792
1693
1708
3361
6341
1480
4987
2865
7731
1445
982
2928
3858
0
3099
2132
4846
446
5392
5393
951
3976
3130
1038
6548
1463
3642
4515
5454
4677
2983
8394
6308
121
10384
675
5303
5921
942
5353
1145
2941
4145
4980
329
788
6822
3997
477
4777
3925
6854
499
1075
1080
1046
1531
6628
4645
204
4610
8712
4848
6012
3840
890
4360
993
2912
736
2774
3183
3570
2015
9993
2501
2111
223
4142
2322
4134
3431
3819
2624
488
904
1985
2722
6298
8424
3039
9277
197
15
501
203
1457
438
4278
1698
2094
885
2233
2718
1095
1010
453
8269
289
4456
560
2050
31
274
2706
8401
943
7952
2887
406
4349
6496
2614
6027
3257
2821
716
1395
5203
4031
7855
3122
6829
9043
7162
3896
2723
2567
2762
4991
6736
1556
6990
1874
3588
556
4107
1563
5257
3709
3937
1832
86
2715
4112
3551
5060
542
1799
2546
787
2741
6427
4076
1120
11563
2107
4013
5102
4869
70
1086
4256
5096
3835
335
459
2224
4451
5000
134
3678
540
3081
2357
2101
1064
3889
12910
6295
4691
2687
8290
4516
6247
2091
4936
41
2736
4482
940
4874
4155
653
6727
2698
4489
1016
3398
5849
847
5607
1679
4154
2700
709
3672
2970
996
9657
200
84
6516
5199
10573
4921
4545
175
3344
4195
7705
502
7347
6304
10019
10196
319
6872
782
939
1691
2772
7792
4383
404
954
4723
5727
3205
15373
1768
6978
4115
1895
1946
3425
1678
4227
616
1153
545
53
12290
4443
6152
6639
6326
3830
8342
7694
293
3599
413
1084
4400
69
4842
4527
6340
1562
1593
7857
7155
6540
2509
4507
2960
647
945
4788
3268
8970
8729
1123
2351
546
6620
4030
5020
798
1560
2017
5870
11604
5174
6549
4096
4557
7204
2294
7752
3773
926
6176
1071
5563
10206
14846
4737
7458
950
2829
3699
7783
1687
5322
1541
2881
7516
527
4220
8151
1111
886
369
4910
603
830
1573
405
2409
1571
63
8588
5095
6911
9938
724
6937
1588
1498
4380
8169
401
11532
4933
7551
1559
6473
2743
7372
4425
4071
6305
4826
1695
5722
6177
580
120
11588
4532
1065
1005
5064
11577
8483
3080
92
5161
4308
1911
968
3708
900
2746
534
341
5424
6917
2886
4560
1011
5103
1165
333
7724
1852
2498
7948
2340
6734
6704
5128
2445
7717
5077
815
1858
577
400
421
752
6635
6592
5750
1503
3957
3738
7579
2144
6143
11337
6697
827
7874
504
5214
2889
19
419
6278
959
2761
7158
11574
11024
5949
6902
6153
4500
5218
1126
249
484
6320
8348
646
2541
14195
2575
4771
234
624
3983
361
126
2800
4420
252
564
6134
4022
6103
491
4711
3256
6429
8426
106
266
2601
172
257
9377
6495
2650
5158
8413
5155
2901
4065
4810
7400
5152
14644
12628
8080
6744
1820
3630
2572
10315
1443
4058
1442
2371
5138
10307
5136
5701
4470
7576
1801
4631
4467
4801
2359
7106
1558
4150
5124
4798
895
8396
4624
6833
16700
5117
2861
6726
4457
888
6044
8390
10268
8872
5108
2337
883
6300
16715
2847
16718
1760
3731
1517
1003
5657
8077
4786
7089
874
4609
4784
7345
5086
4003
2827
4431
1736
6020
867
6392
4779
2819
8368
2536
6688
615
1406
7079
2286
8073
4416
6256
611
610
5895
1715
2803
1711
854
2426
604
3970
10486
8349
2790
2524
3097
5047
8828
3961
846
6231
596
4764
3226
842
8339
3692
1469
8821
5033
5989
2771
5029
7057
5027
835
6650
4372
4756
8331
5981
4370
5017
6764
4676
5014
3932
5011
4751
12781
825
1650
4696
4124
7047
7983
5001
796
7045
16437
4997
4196
1637
12577
6577
1128
1368
11796
3673
3509
4336
15767
3903
9483
3189
2005
7258
11315
4726
11782
1616
1106
8303
2717
551
1610
1607
4330
7244
3548
1092
685
2481
7986
774
7025
11575
4730
2156
539
6138
6723
3622
4951
7864
1062
10099
533
4725
8777
3646
1166
2679
4306
4722
526
2467
8274
7010
7208
3848
781
2667
10545
6108
4509
2113
4924
11552
6387
775
3878
2306
2904
512
9426
15212
4499
2456
770
769
7187
768
3127
10249
7660
7183
11543
12256
4904
6997
8750
1072
260
8049
760
4269
3617
10045
11219
10224
1515
7169
4892
4590
1100
7734
1506
4653
9397
6762
1101
5248
5890
964
4249
2610
4082
6410
956
9386
5233
476
6979
3331
2600
741
3598
3248
2430
9774
5216
4858
7348
281
14404
9073
734
15146
7130
4850
5426
8715
3076
4461
4473
4681
4843
12205
8667
2024
6970
6497
1689
6154
8188
5862
450
3065
5861
8958
10251
2223
11460
2413
5183
9143
8148
2343
17831
4352
4670
1996
4817
4815
3571
2406
4199
11496
3712
4600
3568
6651
7606
865
707
6954
4191
597
7683
10439
1978
917
395
15129
3035
700
8684
3641
3288
1055
3550
7587
6504
3447
5734
180
7221
8027
6786
6222
651
3814
12330
2386
1846
2016
3115
15699
553
6383
436
9294
3105
8142
9291
13348
3101
6087
8119
6289
3650
382
2376
6930
11286
12723
14125
3364
1536
5683
5193
6632
1626
7241
14930
8225
12370
2699
3928
2047
783
80
244
4376
9107
7676
4225
6208
6089
4524
4630
6123
14984
8452
7504
6310
1786
6116
44
6227
661
5210
5293
5376
6169
5145
1808
869
236
3038
4607
6090
7263
955
2962
310
881
7447
8770
6614
7900
8419
6281
1155
6115
562
295
5724
6590
13783
15413
938
4413
12298
3094
779
974
3413
9818
2083
14961
2693
5422
2191
5789
1648
10142
922
6920
11248
1018
373
9951
4298
2155
8999
9078
3577
6172
2262
12999
1374
4026
828
8966
5855
12399
857
858
241
3824
7817
7816
3360
6948
4055
1943
3356
8648
2186
8501
4049
4114
6884
312
575
2891
4660
4747
6065
4178
10264
2457
358
6385
5088
3811
4829
4028
1921
78
5223
1054
8410
8506
12365
16131
2500
5269
7814
743
6860
3944
9461
989
7279
5239
5434
3149
10877
4642
5059
1939
2709
4988
2895
737
7982
3085
4203
4387
12917
1159
1091
416
4844
6287
16497
8739
4277
855
3021
3711
215
5654
7796
340
1797
6014
4198
10986
8870
316
128
3044
12494
10575
344
1059
411
873
7902
1078
