258
626
900
1561
723
1056
663
468
1019
1565
601
390
1304
1816
1533
374
184
670
1944
1806
513
792
1895
1170
524
925
2335
3610
600
1926
1146
58
1327
1820
1740
695
951
221
618
1653
355
1765
985
1872
508
1867
1788
359
1108
2130
1
706
446
1903
2902
769
549
1263
230
1615
707
2958
793
1747
474
2195
3637
865
1961
1954
3596
266
1134
1624
1744
721
1268
1748
1956
1741
83
1712
718
1760
237
1323
449
1538
478
14
815
1133
209
339
2509
185
1386
364
2119
2474
520
530
161
1413
108
3669
326
660
368
1870
1654
1784
475
656
1838
101
53
1802
1650
1181
1912
3630
1522
345
226
657
381
1269
1807
1752
1737
1859
722
797
290
1804
1940
111
2075
590
1745
95
1846
382
457
1100
1443
697
594
483
1151
228
973
752
342
1183
569
993
1285
784
1397
1555
0
1139
1962
764
3418
1179
249
321
272
88
2149
301
1813
1746
1173
1791
701
5
302
1174
1810
1771
1866
874
807
197
796
1165
401
2358
1291
485
895
124
1022
1809
1197
1626
484
1828
1830
349
217
688
289
4
885
605
93
1330
1664
2800
1015
2971
218
794
2016
791
191
3055
2074
2030
942
1009
164
122
1864
1288
2
3
2170
1113
1536
1279
286
1792
1907
178
300
171
876
1905
338
2278
1136
146
128
1900
1201
1135
288
1010
586
195
293
1437
933
937
2853
44
781
496
74
73
3035
1887
1164
1904
1281
1856
1325
1929
174
1265
1184
1274
1198
1958
2035
1836
352
2943
150
608
599
3626
547
1825
2197
535
1935
322
431
830
291
3618
1722
427
1779
275
1169
1947
13
133
2067
2772
3633
25
907
1873
693
1251
166
1915
279
2325
109
18
1366
2882
1080
591
1152
1934
126
140
173
490
353
2917
566
915
162
2029
46
120
2097
438
177
1259
1156
1276
89
2142
1988
402
2176
1726
208
678
32
1266
1645
617
3057
2006
795
1090
396
1819
225
1302
1876
1321
1821
1069
2150
1918
1092
331
264
492
393
144
67
1024
257
33
1414
298
220
207
1531
1046
534
2741
619
494
23
292
461
1097
323
616
1155
1789
118
8
445
488
2060
1157
43
193
