1.00000000
0.98471616
0.98253275
0.97489083
0.96724891
0.95851528
0.94759825
0.94323144
0.92576419
0.92576419
0.92467249
0.92030568
0.91703057
0.89628821
0.89301310
0.88755459
0.87663755
0.87663755
0.87554585
0.87336245
0.86681223
0.85807860
0.84606987
0.84606987
0.84170306
0.83187773
0.82969432
0.82205240
0.82096070
0.81768559
0.80131004
0.80131004
0.79694323
0.78275109
0.78165939
0.78056769
0.77510917
0.76746725
0.74781659
0.74781659
0.74344978
0.73253275
0.71615721
0.70851528
0.70305677
0.69323144
0.69213974
0.68340611
0.67685590
0.67248908
0.67139738
0.65502183
0.64082969
0.63646288
0.63318777
0.62772926
0.62117904
0.61572052
0.60480349
0.59934498
0.59497817
0.58624454
0.58515284
0.58515284
0.57423581
0.55676856
0.55676856
0.55567686
0.54475983
0.53493450
0.53493450
0.53165939
0.53165939
0.52620087
0.52620087
0.52620087
0.52401747
0.51965066
0.50327511
0.50327511
0.50327511
0.50218341
0.49563319
0.48362445
0.48362445
0.47816594
0.46506550
0.46506550
0.46506550
0.46397380
0.45633188
0.45524017
0.45414847
0.45305677
0.45196507
0.45196507
0.45087336
0.44978166
0.44868996
0.44759825
0.44650655
0.44541485
0.44541485
0.44432314
0.44323144
0.44213974
0.44104803
0.43995633
0.43886463
0.43777293
0.43668122
0.43558952
0.43449782
0.43340611
0.43231441
0.43122271
0.43013100
0.42030568
0.41921397
0.41812227
0.41703057
0.41703057
0.41593886
0.41484716
0.41484716
0.41375546
0.40938865
0.40938865
0.40938865
0.40938865
0.40938865
0.40938865
0.40938865
0.40938865
0.40938865
0.40938865
0.40938865
0.40938865
0.40938865
0.40938865
0.40938865
0.40829694
0.40829694
0.40829694
0.40829694
0.40829694
0.40829694
0.40720524
0.40720524
0.40611354
0.40611354
0.40611354
0.40502183
0.40502183
0.40502183
0.40502183
0.40502183
0.40502183
0.40502183
0.40502183
0.40502183
0.40502183
0.40502183
0.40393013
0.40393013
0.40393013
0.40393013
0.40065502
0.40065502
0.40065502
0.40065502
0.40065502
0.40065502
0.39956332
0.39956332
0.39956332
0.39956332
0.39847162
0.39847162
0.39847162
0.39847162
0.39847162
0.39301310
0.39301310
0.38209607
0.38209607
0.38209607
0.38209607
0.38209607
0.38209607
0.37882096
0.37882096
0.37882096
0.37882096
0.37882096
0.37882096
0.37882096
0.37882096
0.37882096
0.37772926
0.37772926
0.37772926
0.37772926
0.37772926
0.37445415
0.37445415
0.37445415
0.37445415
0.37445415
0.37445415
0.35480349
0.35480349
0.35480349
0.35480349
0.35480349
0.35480349
0.35480349
0.32314410
0.32314410
0.32314410
0.32314410
0.32314410
0.32314410
0.32314410
0.31877729
0.31877729
0.31877729
0.30895197
0.30895197
0.30895197
0.30895197
0.30895197
0.30895197
0.30895197
0.30131004
0.30131004
0.30131004
0.30131004
0.30131004
0.30131004
0.30131004
0.29148472
0.29148472
0.29148472
0.29148472
0.29148472
0.29039301
0.29039301
0.29039301
0.29039301
0.28165939
0.28165939
0.28165939
0.28165939
0.28165939
0.28165939
0.28165939
0.26746725
0.26746725
0.26746725
0.26746725
0.26746725
0.26746725
0.26746725
0.26746725
0.26746725
0.25545852
0.25545852
0.25545852
0.24344978
0.24344978
0.22707424
0.22707424
0.22707424
0.22707424
0.22379913
0.22270742
0.22270742
0.22270742
0.22270742
0.22270742
0.21943231
0.21943231
0.21943231
0.21943231
0.20524017
0.20524017
0.20524017
0.20524017
0.20524017
0.20524017
0.20524017
0.19541485
0.19541485
0.19541485
0.19541485
0.19541485
0.19541485
0.19541485
0.19541485
0.18995633
0.18995633
0.18995633
0.18995633
0.18995633
0.18995633
0.18995633
0.18995633
0.18995633
0.18995633
0.18995633
0.18995633
0.18995633
0.18995633
0.18995633
0.18995633
0.18995633
0.18995633
0.16593886
0.16593886
0.16593886
0.16593886
0.16593886
0.16593886
0.16484716
0.16375546
0.16157205
0.16048035
0.16048035
0.15938865
0.15829694
0.15829694
0.15829694
0.15720524
0.15720524
0.15720524
0.15720524
0.15611354
0.15502183
0.15502183
0.15502183
0.15502183
0.15502183
0.13973799
0.13973799
0.13973799
0.13973799
0.13973799
0.13973799
0.13973799
0.13973799
0.13973799
0.13973799
0.13973799
0.13973799
0.13973799
0.13973799
0.13973799
0.13864629
0.13864629
0.13864629
0.13864629
0.13864629
0.13864629
0.13864629
0.13864629
0.13864629
0.13864629
0.13864629
0.13864629
0.13864629
0.13864629
0.13864629
0.13864629
0.13864629
0.13100437
0.13100437
0.13100437
0.13100437
0.13100437
0.13100437
0.13100437
0.13100437
0.13100437
0.13100437
0.13100437
0.13100437
0.13100437
0.13100437
0.13100437
0.13100437
0.12663755
0.12663755
0.12663755
0.12663755
0.12663755
0.12663755
0.12663755
0.12554585
0.12445415
0.12445415
0.12445415
0.12445415
0.12445415
0.12445415
0.12445415
0.12445415
0.12445415
0.12445415
0.12336245
0.12227074
0.11572052
0.11572052
0.05021834
0.05021834
0.05021834
0.04912664
0.04912664
0.04912664
0.04912664
0.02729258
0.02620087
0.02620087
0.02620087
0.02620087
0.02620087
0.02620087
0.02620087
0.02620087
0.02620087
0.02620087
0.02620087
0.02620087
0.02620087
0.02620087
0.02620087
0.02620087
0.02620087
0.02620087
0.02620087
0.02620087
0.02620087
0.02620087
0.02620087
0.02620087
0.02620087
0.02620087
0.02620087
0.02620087
0.02620087
0.02620087
0.02620087
0.02620087
0.02620087
0.02620087
0.02620087
0.02620087
0.02620087
0.02620087
0.02620087
0.01855895
0.01855895
0.01855895
0.01855895
0.01855895
0.01855895
0.01855895
0.01855895
0.01855895
0.01855895
0.01855895
0.01855895
0.01855895
0.01528384
0.01528384
0.01419214
0.01310044
0.01310044
0.01310044
0.01310044
0.01310044
0.01310044
0.01310044
0.01310044
0.01310044
0.01310044
0.01310044
0.01310044
0.01310044
0.01310044
0.01310044
0.01310044
0.01310044
0.01310044
0.01310044
0.01310044
0.01310044
0.01310044
0.01310044
0.01310044
0.01310044
0.01310044
0.01310044
0.01310044
0.01310044
0.01310044
0.01310044
0.01310044
0.01310044
0.01310044
0.01310044
0.01310044
0.00764192
0.00764192
0.00764192
0.00764192
0.00764192
0.00764192
0.00764192
0.00764192
0.00764192
0.00764192
0.00655022
0.00655022
0.00655022
0.00655022
0.00655022
0.00655022
0.00655022
0.00655022
0.00655022
0.00655022
0.00655022
0.00655022
0.00655022
0.00655022
0.00655022
0.00655022
0.00655022
0.00655022
0.00655022
0.00655022
0.00655022
0.00655022
0.00655022
0.00655022
0.00655022
0.00655022
0.00655022
0.00655022
0.00655022
0.00655022
0.00655022
0.00655022
0.00655022
0.00655022
0.00655022
0.00655022
0.00655022
0.00655022
0.00655022
0.00655022
0.00655022
0.00655022
0.00655022
0.00655022
0.00655022
0.00655022
0.00655022
0.00327511
0.00327511
0.00327511
0.00327511
0.00327511
0.00327511
0.00327511
0.00327511
0.00327511
0.00327511
0.00327511
0.00327511
0.00327511
0.00327511
0.00327511
0.00327511
0.00327511
0.00327511
0.00327511
0.00327511
0.00327511
0.00327511
0.00327511
0.00327511
0.00327511
0.00327511
0.00327511
0.00327511
0.00327511
0.00327511
0.00327511
0.00327511
0.00327511
0.00327511
0.00327511
0.00327511
0.00327511
0.00327511
0.00327511
0.00327511
0.00327511
0.00327511
0.00327511
0.00327511
0.00327511
0.00327511
0.00327511
0.00327511
0.00327511
0.00327511
0.00327511
0.00327511
0.00327511
0.00327511
0.00327511
0.00327511
0.00327511
0.00327511
0.00327511
0.00327511
0.00327511
0.00327511
0.00327511
0.00327511
0.00327511
0.00327511
0.00327511
0.00327511
0.00327511
0.00327511
0.00327511
0.00327511
0.00327511
0.00327511
0.00327511
0.00327511
0.00327511
0.00327511
0.00327511
0.00327511
0.00327511
0.00327511
0.00327511
0.00327511
0.00327511
0.00327511
0.00327511
0.00327511
0.00327511
0.00327511
0.00327511
0.00327511
0.00327511
0.00327511
0.00327511
0.00327511
0.00327511
0.00327511
0.00327511
0.00327511
0.00327511
0.00327511
0.00327511
0.00327511
0.00327511
0.00327511
0.00327511
0.00327511
0.00327511
0.00327511
0.00327511
0.00327511
0.00327511
0.00327511
0.00327511
0.00327511
0.00327511
0.00327511
0.00327511
0.00327511
0.00327511
0.00327511
0.00327511
0.00327511
0.00327511
0.00327511
0.00327511
0.00327511
0.00327511
0.00327511
0.00327511
0.00327511
0.00327511
0.00327511
0.00327511
0.00327511
0.00327511
0.00327511
0.00327511
0.00327511
0.00327511
0.00327511
0.00327511
0.00327511
0.00327511
0.00327511
0.00327511
0.00327511
0.00327511
0.00327511
0.00327511
0.00327511
0.00327511
0.00327511
0.00327511
0.00327511
0.00327511
0.00327511
0.00327511
0.00327511
0.00327511
0.00327511
0.00327511
0.00327511
0.00327511
0.00327511
0.00327511
0.00327511
0.00327511
0.00327511
0.00327511
0.00327511
0.00327511
0.00327511
0.00327511
0.00327511
0.00327511
0.00327511
0.00327511
0.00327511
0.00327511
0.00327511
0.00327511
0.00327511
0.00327511
0.00327511
0.00327511
0.00327511
0.00327511
0.00327511
0.00327511
0.00327511
0.00327511
0.00327511
0.00327511
0.00327511
0.00327511
0.00327511
0.00327511
0.00327511
0.00327511
0.00327511
0.00327511
0.00327511
0.00327511
0.00327511
0.00327511
0.00327511
0.00327511
0.00327511
0.00327511
0.00327511
0.00327511
0.00327511
0.00327511
0.00327511
0.00327511
0.00327511
0.00218341
0.00109170
0.00109170
0.00109170
0.00109170
0.00109170
0.00109170
0.00109170
0.00109170
0.00109170
0.00109170
0.00109170
0.00109170
0.00109170
0.00109170
0.00109170
0.00109170
0.00109170
0.00109170
0.00109170
0.00109170
0.00109170
0.00109170
0.00109170
0.00109170
0.00109170
0.00109170
0.00109170
0.00109170
0.00109170
0.00109170
0.00109170
0.00109170
0.00109170
0.00109170
0.00109170
0.00109170
0.00109170
0.00109170
0.00109170
0.00109170
0.00109170
0.00109170
0.00109170
0.00109170
0.00109170
0.00109170
0.00109170
0.00109170
0.00109170
0.00109170
0.00109170
0.00109170
0.00109170
0.00109170
0.00109170
0.00109170
0.00109170
0.00109170
0.00109170
0.00109170
0.00109170
0.00109170
0.00109170
0.00109170
0.00109170
0.00109170
0.00109170
0.00109170
0.00109170
0.00109170
0.00109170
0.00109170
0.00109170
0.00109170
0.00109170
0.00109170
0.00109170
0.00109170
0.00109170
0.00109170
0.00109170
0.00109170
0.00109170
0.00109170
0.00109170
0.00109170
0.00109170
0.00109170
0.00109170
0.00109170
0.00109170
0.00109170
0.00109170
0.00109170
0.00109170
0.00109170
0.00109170
0.00109170
0.00109170
0.00109170
0.00109170
0.00109170
0.00109170
0.00109170
0.00109170
0.00109170
0.00109170
0.00109170
0.00109170
0.00109170
0.00109170
0.00109170
0.00109170
0.00109170
0.00109170
0.00109170
0.00109170
0.00109170
0.00109170
0.00109170
0.00109170
0.00109170
0.00109170
0.00109170
0.00109170
0.00109170
0.00109170
0.00109170
0.00109170
0.00109170
0.00109170
0.00109170
0.00109170
0.00109170
0.00109170
0.00109170
0.00109170
0.00109170
0.00109170
0.00109170
0.00109170
0.00109170
0.00109170
0.00109170
0.00109170
0.00109170
0.00109170
0.00109170
0.00109170
0.00109170
0.00109170
0.00109170
0.00109170
0.00109170
0.00109170
0.00109170
0.00109170
0.00109170
0.00109170
0.00109170
0.00109170
0.00109170
0.00109170
0.00109170
0.00109170
0.00109170
0.00109170
0.00109170
0.00109170
0.00109170
0.00109170
0.00109170
0.00109170
0.00109170
0.00109170
0.00109170
0.00109170
0.00109170
0.00109170
0.00109170
0.00109170
0.00109170
0.00109170
0.00109170
0.00109170
0.00109170
0.00109170
0.00109170
0.00109170
0.00109170
0.00109170
0.00109170
0.00109170
0.00109170
0.00109170
0.00109170
0.00109170
0.00109170
0.00109170
0.00109170
0.00109170
0.00109170
0.00109170
0.00109170
0.00109170
0.00109170
0.00109170
0.00109170
0.00109170
0.00109170
0.00109170
0.00109170
0.00109170
0.00109170
0.00109170
0.00109170
0.00109170
0.00109170
0.00109170
0.00109170
0.00109170
0.00109170
0.00109170
0.00109170
0.00109170
0.00109170
0.00109170
0.00109170
0.00109170
0.00109170
0.00109170
0.00109170
0.00109170
0.00109170
0.00109170
0.00109170
0.00109170
0.00109170
0.00109170
0.00109170
0.00109170
0.00109170
0.00109170
0.00109170
0.00109170
0.00109170
0.00109170
0.00109170
0.00109170
0.00109170
0.00109170
0.00109170
0.00109170
0.00109170
0.00109170
0.00109170
0.00109170
0.00109170
0.00109170
0.00109170
0.00109170
0.00109170
0.00109170
0.00109170
0.00109170
0.00109170
0.00109170
0.00109170
0.00109170
0.00109170
0.00109170
0.00109170
0.00109170
0.00109170
0.00109170
0.00109170
0.00109170
0.00109170
0.00109170
0.00109170
0.00109170
0.00109170
0.00109170
0.00109170
0.00109170
0.00109170
0.00109170
0.00109170
0.00109170
0.00109170
0.00109170
0.00109170
0.00109170
0.00109170
0.00109170
0.00109170
0.00109170
0.00109170
0.00109170
0.00109170
0.00109170
0.00109170
0.00109170
0.00109170
0.00109170
0.00109170
0.00109170
0.00109170
0.00109170
0.00109170
0.00109170
0.00109170
0.00109170
0.00109170
0.00109170
0.00109170
0.00109170
0.00109170
0.00109170
0.00109170
0.00109170
0.00109170
0.00109170
0.00109170
0.00109170
0.00109170
0.00109170
0.00109170
0.00109170
0.00109170
0.00109170
0.00109170
0.00109170
0.00109170
0.00109170
0.00109170
0.00109170
0.00109170
0.00109170
0.00109170
0.00109170
0.00109170
0.00109170
0.00109170
0.00109170
0.00109170
0.00109170
0.00109170
0.00109170
0.00109170
0.00109170
0.00109170
0.00109170
0.00109170
0.00109170
0.00109170
0.00109170
0.00109170
0.00109170
0.00109170
0.00109170
0.00109170
0.00109170
0.00109170
0.00109170
0.00109170
0.00109170
0.00109170
0.00109170
0.00109170
0.00109170
0.00109170
0.00109170
0.00109170
0.00109170
0.00109170
0.00109170
0.00109170
0.00109170
0.00109170
0.00109170
0.00109170
0.00109170
0.00109170
0.00109170
0.00109170
0.00109170
0.00109170
0.00109170
0.00109170
0.00109170
0.00109170
0.00109170
0.00109170
0.00109170
0.00109170
0.00109170
0.00109170
0.00109170
0.00109170
0.00109170
0.00109170
0.00109170
0.00109170
0.00109170
0.00109170
0.00109170
0.00109170
0.00109170
0.00109170
0.00109170
0.00109170
0.00109170
0.00109170
0.00109170
0.00109170
0.00109170
0.00109170
0.00109170
0.00109170
0.00109170
0.00109170
0.00109170
0.00109170
0.00109170
0.00109170
0.00109170
0.00109170
0.00109170
0.00109170
0.00109170
0.00109170
0.00109170
0.00109170
0.00109170
0.00109170
0.00109170
0.00109170
0.00109170
0.00109170
0.00109170
0.00109170
0.00109170
0.00109170
0.00109170
0.00109170
0.00109170
0.00109170
0.00109170
0.00109170
0.00109170
0.00109170
0.00109170
0.00109170
0.00109170
0.00109170
0.00109170
0.00109170
0.00109170
0.00109170
0.00109170
0.00109170
0.00109170
0.00109170
0.00109170
0.00109170
0.00109170
0.00109170
0.00109170
0.00109170
0.00109170
0.00109170
0.00109170
0.00109170
0.00109170
0.00109170
0.00109170
0.00109170
0.00109170
0.00109170
0.00109170
0.00109170
0.00109170
0.00109170
0.00109170
0.00109170
0.00109170
0.00109170
0.00109170
0.00109170
0.00109170
0.00109170
0.00109170
0.00109170
0.00109170
0.00109170
0.00109170
0.00109170
0.00109170
0.00109170
0.00109170
0.00109170
0.00109170
0.00109170
0.00109170
0.00109170
0.00109170
0.00109170
0.00109170
0.00109170
0.00109170
0.00109170
0.00109170
0.00109170
0.00109170
0.00109170
0.00109170
0.00109170
0.00109170
0.00109170
0.00109170
0.00109170
0.00109170
0.00109170
0.00109170
0.00109170
0.00109170
0.00109170
0.00109170
0.00109170
0.00109170
0.00109170
0.00109170
0.00109170
0.00109170
0.00109170
0.00109170
0.00109170
0.00109170
0.00109170
0.00109170
0.00109170
0.00109170
0.00109170
0.00109170
0.00109170
0.00109170
0.00109170
0.00109170
0.00109170
0.00109170
0.00109170
0.00109170
0.00109170
0.00109170
0.00109170
0.00109170
0.00109170
0.00109170
0.00109170
0.00109170
0.00109170
0.00109170
0.00109170
0.00109170
0.00109170
0.00109170
0.00109170
0.00109170
0.00109170
0.00109170
0.00109170
0.00109170
0.00109170
0.00109170
0.00109170
0.00109170
0.00109170
0.00109170
0.00109170
0.00109170
0.00109170
0.00109170
0.00109170
0.00109170
0.00109170
0.00109170
0.00109170
0.00109170
0.00109170
0.00109170
0.00109170
0.00109170
0.00109170
0.00109170
0.00109170
0.00109170
0.00109170
0.00109170
0.00109170
0.00109170
0.00109170
0.00109170
0.00109170
0.00109170
0.00109170
0.00109170
0.00109170
0.00109170
0.00109170
0.00109170
0.00109170
0.11149875
0.00000000
