1.00000000
0.98591549
0.97183099
0.95774648
0.94366197
0.92957746
0.91549296
0.90140845
0.88732394
0.87323944
0.85915493
0.84507042
0.83098592
0.81690141
0.80281690
0.78873239
0.77464789
0.76056338
0.74647887
0.73239437
0.71830986
0.70422535
0.69014085
0.67605634
0.66197183
0.64788732
0.61971831
0.60563380
0.59154930
0.57746479
0.56338028
0.54929577
0.53521127
0.52112676
0.50704225
0.49295775
0.47887324
0.46478873
0.45070423
0.43661972
0.42253521
0.40845070
0.39436620
0.33802817
0.14084507
0.14084507
0.14084507
0.14084507
0.14084507
0.08450704
0.04225352
0.02816901
0.01408451
0.01408451
0.01408451
0.01408451
0.01408451
0.01408451
0.01408451
0.01408451
0.01408451
0.01408451
0.01408451
0.01408451
0.01408451
0.01408451
0.01408451
0.01408451
0.01408451
0.01408451
0.01408451
0.42610593
0.00000000
