1.00000000
0.99481865
0.98963731
0.98445596
0.97927461
0.97409326
0.96891192
0.96373057
0.95854922
0.95336788
0.94818653
0.94300518
0.93264249
0.92746114
0.92227979
0.91709845
0.91191710
0.90155440
0.89637306
0.89119171
0.88601036
0.88082902
0.87564767
0.87046632
0.86528497
0.86010363
0.85492228
0.84974093
0.84455959
0.83937824
0.83419689
0.82901554
0.81865285
0.80310881
0.79792746
0.78756477
0.78238342
0.76165803
0.75129534
0.74611399
0.73575130
0.73056995
0.72020725
0.70984456
0.69948187
0.68911917
0.68393782
0.67875648
0.67357513
0.66839378
0.66321244
0.65284974
0.63730570
0.62176166
0.58549223
0.58031088
0.56994819
0.54922280
0.51813472
0.51295337
0.50777202
0.50259067
0.49740933
0.49222798
0.47668394
0.46632124
0.45595855
0.45077720
0.44041451
0.42487047
0.41968912
0.40932642
0.40414508
0.39378238
0.38860104
0.37305699
0.35751295
0.32642487
0.29533679
0.24870466
0.24870466
0.22279793
0.21761658
0.21243523
0.20725389
0.20207254
0.19170984
0.13471503
0.13471503
0.13471503
0.13471503
0.10362694
0.10362694
0.10362694
0.09844560
0.09326425
0.09326425
0.09326425
0.09326425
0.07772021
0.07253886
0.06217617
0.04663212
0.03626943
0.02590674
0.01554404
0.01036269
0.00518135
0.00518135
0.00518135
0.00518135
0.00518135
0.00518135
0.00518135
0.00518135
0.00518135
0.00518135
0.00518135
0.00518135
0.00518135
0.00518135
0.00518135
0.00518135
0.00518135
0.00518135
0.00518135
0.00518135
0.00518135
0.00518135
0.00518135
0.00518135
0.00518135
0.00518135
0.00518135
0.00518135
0.00518135
0.00518135
0.00518135
0.00518135
0.00518135
0.00518135
0.00518135
0.00518135
0.00518135
0.00518135
0.00518135
0.00518135
0.00518135
0.00518135
0.00518135
0.00518135
0.00518135
0.00518135
0.00518135
0.00518135
0.00518135
0.00518135
0.00518135
0.00518135
0.00518135
0.00518135
0.00518135
0.00518135
0.00518135
0.00518135
0.00518135
0.00518135
0.00518135
0.00518135
0.00518135
0.00518135
0.00518135
0.00518135
0.00518135
0.00518135
0.00518135
0.00518135
0.00518135
0.00518135
0.00518135
0.00518135
0.00518135
0.00518135
0.00518135
0.00518135
0.00518135
0.00518135
0.00518135
0.00518135
0.00518135
0.00518135
0.00518135
0.00518135
0.00518135
0.00518135
0.00518135
0.00518135
0.00518135
0.00518135
0.00518135
0.00518135
0.00518135
0.00518135
0.00518135
0.00518135
0.00518135
0.00518135
0.00518135
0.00518135
0.00518135
0.00518135
0.00518135
0.00518135
0.00518135
0.27516827
0.00000000
