1.00000000
0.99610895
0.97276265
0.96887160
0.96108949
0.95330739
0.93774319
0.93385214
0.92996109
0.92607004
0.92217899
0.90272374
0.89494163
0.85603113
0.85603113
0.85214008
0.84824903
0.83657588
0.83268482
0.82879377
0.81712062
0.80155642
0.79766537
0.79377432
0.76264591
0.74708171
0.74319066
0.73929961
0.73540856
0.72762646
0.68093385
0.68093385
0.67704280
0.66926070
0.65758755
0.64980545
0.63813230
0.62645914
0.62256809
0.61089494
0.60700389
0.60311284
0.59922179
0.59533074
0.59143969
0.58754864
0.58365759
0.57976654
0.57587549
0.57198444
0.56809339
0.56420233
0.56031128
0.55642023
0.53307393
0.50194553
0.49805447
0.49416342
0.49027237
0.46303502
0.43190661
0.42801556
0.42023346
0.40077821
0.28793774
0.28793774
0.28793774
0.28793774
0.28793774
0.28793774
0.28793774
0.28015564
0.28015564
0.28015564
0.28015564
0.28015564
0.27237354
0.27237354
0.27237354
0.27237354
0.27237354
0.23735409
0.23735409
0.23735409
0.23735409
0.23735409
0.23346304
0.22957198
0.22957198
0.22957198
0.22568093
0.22568093
0.22568093
0.22568093
0.21011673
0.21011673
0.21011673
0.21011673
0.21011673
0.19844358
0.19066148
0.18677043
0.14007782
0.14007782
0.14007782
0.14007782
0.14007782
0.10505837
0.10505837
0.10505837
0.10505837
0.10505837
0.07782101
0.07782101
0.05836576
0.05836576
0.05836576
0.05836576
0.05447471
0.03891051
0.03891051
0.03891051
0.03891051
0.03891051
0.03891051
0.03891051
0.01945525
0.01945525
0.01945525
0.01556420
0.01556420
0.01167315
0.01167315
0.00778210
0.00389105
0.00389105
0.00389105
0.00389105
0.00389105
0.00389105
0.00389105
0.00389105
0.00389105
0.00389105
0.00389105
0.00389105
0.00389105
0.00389105
0.00389105
0.00389105
0.00389105
0.00389105
0.00389105
0.00389105
0.00389105
0.00389105
0.00389105
0.00389105
0.00389105
0.00389105
0.00389105
0.00389105
0.00389105
0.00389105
0.00389105
0.00389105
0.00389105
0.00389105
0.00389105
0.00389105
0.00389105
0.00389105
0.00389105
0.00389105
0.00389105
0.00389105
0.00389105
0.00389105
0.00389105
0.00389105
0.00389105
0.00389105
0.00389105
0.00389105
0.00389105
0.00389105
0.00389105
0.00389105
0.00389105
0.00389105
0.00389105
0.00389105
0.00389105
0.00389105
0.00389105
0.00389105
0.00389105
0.00389105
0.00389105
0.00389105
0.00389105
0.00389105
0.00389105
0.00389105
0.00389105
0.00389105
0.00389105
0.00389105
0.00389105
0.00389105
0.00389105
0.00389105
0.00389105
0.00389105
0.00389105
0.00389105
0.00389105
0.00389105
0.00389105
0.00389105
0.00389105
0.00389105
0.00389105
0.00389105
0.00389105
0.00389105
0.00389105
0.00389105
0.00389105
0.00389105
0.00389105
0.00389105
0.00389105
0.00389105
0.00389105
0.00389105
0.00389105
0.00389105
0.00389105
0.00389105
0.00389105
0.00389105
0.00389105
0.00389105
0.00389105
0.00389105
0.00389105
0.00389105
0.00389105
0.00389105
0.00389105
0.00389105
0.00389105
0.00389105
0.00389105
0.00389105
0.00389105
0.00389105
0.00389105
0.00389105
0.00389105
0.00389105
0.00389105
0.00389105
0.00389105
0.00389105
0.00389105
0.00389105
0.00389105
0.00389105
0.00389105
0.00389105
0.00389105
0.00389105
0.00389105
0.00389105
0.00389105
0.00389105
0.00389105
0.19955929
0.00000000
