3588
2057
1075
4246
4347
3442
8305
3819
2851
7
3872
4849
563
1520
599
8562
4023
3639
689
3927
3002
4420
3733
259
97
4426
4020
4941
5938
4854
2930
148
2876
1671
9283
4127
4480
3492
4357
6626
3551
2762
3855
278
3871
8405
1088
223
5297
5023
4639
2774
3612
1081
3549
721
3244
8517
3799
2769
2305
5263
9367
3963
7365
4438
3257
41
3684
1912
3828
237
4003
3824
443
300
3892
130
1458
243
5943
720
2904
10132
1871
3680
3703
4029
1435
254
415
737
777
956
3021
35
1786
4638
559
851
1375
2018
1724
123
291
986
3752
179
10108
240
3541
3222
2436
4151
1836
5827
183
4054
1480
3478
62
2042
87
4862
8987
2953
489
1996
2853
3699
2651
1068
3874
7568
8499
4665
204
4721
4154
2887
6271
299
9090
5548
439
248
3835
3991
2817
6972
3178
70
1862
3806
2781
4813
749
115
184
4256
434
1680
2875
54
2983
4143
674
4455
1779
3701
4050
3893
1767
214
5230
6452
311
657
751
398
393
831
67
215
5879
351
852
4014
77
766
8374
2216
5302
2869
5823
228
1682
3201
4137
905
158
5768
3980
588
478
227
4561
2852
4123
6235
431
2889
3854
7806
2909
871
2374
3402
8445
3130
1979
3860
4155
3397
2897
353
2793
3985
681
58
2563
238
3274
2839
3499
5091
2960
286
4855
10432
2295
3293
718
2865
3396
1044
6687
1722
71
2994
8030
3979
282
430
1056
9647
5769
1999
3992
608
189
4536
3997
2999
5599
7058
601
6042
7508
2189
1453
756
82
1817
406
3736
2754
3390
5828
4526
3113
16
5294
9678
605
3470
4432
3277
1144
3866
5055
3896
4468
258
2950
3143
10546
9706
9406
3515
5191
1418
4603
488
2645
3702
5094
1829
6022
739
722
3557
307
3292
4804
3870
6395
4513
10362
156
1117
8196
682
6100
4450
1074
3895
2154
3465
4140
3134
2948
3362
2235
694
2911
10519
1851
60
428
3000
3710
79
72
6308
207
1370
3096
298
770
5240
23
1535
5750
1464
1580
445
7622
3217
4306
610
1674
88
1693
643
3462
9333
170
5764
2899
2811
4125
17
1512
7339
3154
1980
844
1977
2285
8028
2850
216
2834
3405
2157
5946
5349
9431
2060
3833
131
3944
1807
764
2271
790
1445
637
1612
6051
863
55
3301
171
8671
3818
1531
961
1524
3737
2701
2873
3793
3969
48
119
1024
645
2805
8823
755
531
2254
1368
39
2783
3859
7094
550
1037
2316
2849
818
3677
194
2139
4744
205
29
3867
1431
4282
762
83
665
1703
1168
9
137
628
201
3716
1141
5400
277
5290
1783
2879
780
2176
4060
101
8199
327
1421
3875
3772
108
9963
2657
1482
809
3934
5673
2749
5579
5853
5743
3868
870
1387
931
1389
3898
3809
4541
461
348
10126
36
1031
470
591
208
3890
1487
3015
3864
522
89
4047
4109
2975
746
13377
107
448
1417
7172
2735
337
195
3805
880
124
317
1866
74
792
2906
613
528
667
3683
5211
3762
4354
933
3869
902
242
3794
482
515
3967
218
3839
4254
2804
4521
731
594
231
2002
794
4706
843
3211
57
1089
819
803
578
225
410
429
3278
4448
4595
1043
5702
2163
934
2724
2725
771
5159
4276
2730
3899
2832
3862
10048
4459
987
365
9404
1803
733
2855
202
1681
3125
112
212
679
806
6533
11459
435
713
4693
3803
10130
407
3812
47
2868
2641
4418
3707
3384
767
6364
732
153
957
561
2728
2576
3060
414
2872
511
38
51
8047
3231
973
3121
6068
3847
1473
2545
497
4809
147
567
500
4781
1356
1325
3693
3829
573
4409
824
1981
357
109
3524
3679
1770
6371
2401
1388
261
4406
1
641
452
146
2361
585
2184
6203
211
672
1561
510
673
283
26
1938
659
4931
222
893
5299
4303
1041
5864
5071
456
5598
206
2755
11620
5156
6349
1890
3801
4488
3704
4787
3792
911
5900
820
908
2714
486
143
935
1042
7722
383
621
3761
139
833
1952
3322
4295
4120
3877
761
1835
3706
11
1102
2653
10125
1881
10092
862
3914
3378
8428
3753
3123
490
297
7088
807
2299
4348
3168
1673
408
691
163
5069
896
6537
305
699
3198
2977
391
343
4170
2562
810
8417
272
2468
2952
390
2726
1404
1408
3760
2280
2484
458
10070
8194
3984
2928
309
264
4121
4720
6052
1823
702
2833
3876
5104
375
5196
4440
4011
3882
772
4868
6598
388
9082
3810
631
1953
4261
93
176
1009
1802
1082
182
545
160
161
2074
3757
3987
168
169
834
1095
5393
582
3020
335
3826
5303
3603
1752
752
3811
2878
814
4092
4350
3832
953
558
6344
705
706
5353
868
2862
4075
925
3064
449
98
568
255
3977
3797
2763
872
3858
3863
120
617
7383
2759
6760
3029
4247
960
4783
891
3837
4217
1412
4928
6198
8956
1475
743
10440
600
1787
2166
3906
3836
1955
876
99
4823
422
1069
11000
2696
8
244
4302
1687
2778
1032
3926
4136
3804
2246
1486
4373
3031
4349
3335
8652
2941
507
2179
2240
376
2814
4451
7695
4954
10463
10384
8951
3493
138
6904
6138
1040
4511
4610
4407
4059
3986
655
2776
4788
8412
3993
10129
1046
5306
1563
680
280
8375
2877
918
4116
1755
7192
1772
5279
2821
2535
859
7742
1134
811
3519
6145
5789
9865
850
3959
1427
356
136
6496
1847
1049
684
4676
3466
6576
2614
4300
4678
3637
5491
4848
2673
1529
4564
4952
3645
3840
704
5373
279
4492
6992
5121
8394
464
5537
4659
2680
2094
4277
2890
273
10
90
1571
791
103
362
1522
1933
4122
3558
4360
1655
7203
3756
2027
5374
4215
2262
304
2501
675
570
7932
5120
164
3099
3513
4043
716
2259
110
3971
4172
64
708
6298
589
898
2854
4987
2828
5284
203
653
3709
2974
1162
3642
8565
3066
788
4071
3913
901
799
6108
5209
234
6548
2609
3520
982
3973
736
1627
3843
763
2015
9962
1875
2722
466
5470
1494
1705
4278
6355
5849
2741
3055
942
7151
230
1698
892
11574
2571
8429
5289
636
4988
1440
3738
805
2885
3169
8857
14820
2109
3743
4714
8776
3631
3391
3700
5928
10122
3216
9937
5816
5650
392
7156
1403
10499
3563
10543
3295
3008
7654
2900
6060
11913
10502
330
12738
3181
2384
3467
7954
6785
8406
6005
8484
5141
8758
32
10520
4539
188
11227
1697
8917
9792
10350
3107
10116
8780
10700
5572
7384
8599
4602
11947
3381
12044
8734
6750
5190
4104
2747
4066
2989
10080
11040
2637
697
2662
2283
12508
7178
14627
2381
9783
5511
6167
8767
6146
5996
8992
2969
1137
9460
9362
11156
8686
5738
3225
9860
11749
7655
845
12326
12458
9349
4880
11203
10930
12199
287
7961
3049
3011
5207
2961
1485
7956
12024
7038
7566
1029
3028
12287
2788
5472
3062
271
3033
3861
14086
9030
3594
609
6525
12109
5725
3451
186
6993
3051
5747
7237
14194
10137
1886
14273
10073
10072
3559
6066
5241
3544
14731
2888
14612
8830
8793
247
3540
1507
2034
154
10699
8154
5748
6748
5754
3418
8816
4449
8031
3070
14581
10342
8988
9106
4703
3613
1763
1971
3046
15665
5624
10149
3236
4177
5326
9994
9910
14272
4857
8386
3287
5605
8790
8835
9851
10941
5573
941
8733
15277
5692
8797
5280
662
2992
323
2554
7767
4150
7968
5740
6046
2589
1606
1975
303
1941
1071
728
5184
3042
5838
7915
9432
424
5872
1976
133
12369
5215
13271
1002
10263
1815
3438
3175
3441
3592
4070
8078
6386
10341
3392
8287
30
1428
5562
5974
7123
5645
1103
10473
2067
2674
4487
2307
2732
3036
6982
2648
5238
5559
5242
3030
3157
1039
7899
8722
5611
5775
7591
9881
191
2544
8980
12012
2895
2942
6573
8984
4138
9102
17163
5983
7875
1581
10485
971
6689
10052
1051
1805
7524
10839
3881
81
9015
3615
7819
15232
4576
2270
2187
5304
9100
102
2256
10163
10013
9658
4891
3151
3545
5220
7407
7408
16560
3267
7212
15241
8700
8654
8804
7522
3432
1537
9831
3596
3410
8156
9074
4412
9385
9004
11494
6265
1796
3590
3575
7329
4429
8697
7631
1948
919
5202
2463
1675
5050
5049
8907
1831
7636
2264
6511
3146
1712
11537
132
4683
1959
7752
3669
10189
4051
10419
8725
8626
8815
8656
1721
1855
6105
8542
5527
8732
7916
8003
5856
3013
8091
6693
5805
8442
5960
7505
6910
7335
5809
5817
6994
6996
2292
4132
9326
4156
3252
9264
2893
4940
4157
3161
17154
3324
5930
9098
4611
2213
10500
17977
2526
2694
17959
2958
3385
9255
8269
4257
2319
9481
1954
8267
6062
4981
1110
9793
6199
8488
8489
6009
6044
7911
9044
6093
4637
758
3434
3078
4361
10761
399
12361
9457
2288
6986
10198
2985
5485
1757
10280
5392
3597
4203
3281
4627
2919
3303
2894
6016
5777
1903
5990
6197
6667
6858
4158
2927
3514
7780
3179
2629
12822
1146
5565
241
5361
2335
5533
8044
690
159
3561
265
7608
3310
9642
3995
11286
860
7379
11488
10050
9720
4369
2293
4030
5174
8539
10206
1560
9461
9781
5355
4144
1726
450
6591
5266
10963
4710
10257
7521
535
943
1372
4662
4146
4148
4588
12769
3586
3171
8086
3651
5531
3546
9068
962
5469
3199
6470
542
543
8559
1527
3364
963
7118
5993
4768
2955
2884
4877
2631
1369
2008
984
5490
11830
15
3327
921
4069
11337
1439
523
10785
10268
7504
15699
4508
2640
6954
13348
16700
14125
5145
6383
4697
14358
9397
7244
7986
4376
9006
7348
9739
7810
8449
10177
17831
4269
8225
7349
4750
8339
44
4785
7187
4970
6504
473
3007
14407
10336
6441
7106
6807
7486
6169
6744
7301
7084
9984
6420
554
15767
8142
15413
12679
3509
2371
15500
1061
9972
595
6933
4336
4629
8158
3338
797
700
5724
15356
4728
5017
10249
6788
7596
4371
4191
3263
10251
15696
9774
6577
14404
8920
7683
3897
894
10545
7130
4470
1166
12781
7830
4423
4330
6257
8013
4624
5430
3115
7271
9129
14644
7660
6534
5116
7443
6708
10158
4352
1101
8787
4416
5011
12628
6795
5516
2359
874
865
6969
5376
8865
533
5047
4605
6098
1128
3598
2842
10315
656
7587
6158
7299
539
7801
7169
4606
5354
6752
6122
3138
2145
4858
8080
6281
7809
7516
5701
2047
11164
7637
6087
46
10372
4920
5278
7183
226
7676
7699
10207
6106
2456
8077
6515
10128
3961
2625
955
10968
14739
7086
436
8419
9961
2025
3226
6410
2709
7734
6887
9797
683
985
1760
8188
6572
11049
827
6455
7046
4999
2486
4937
1874
12970
2172
1465
1454
2306
1635
1055
1780
1488
2731
5608
8510
5630
8727
7900
1155
4589
1099
11604
3230
3176
3272
14655
8503
3058
10676
5949
9759
8521
1777
3228
5216
556
481
5592
7739
5113
4483
2116
8073
8619
1781
1462
4021
4613
3431
4682
8198
6606
3685
6377
2720
6684
5813
8650
12290
1672
10282
4049
6310
6253
4166
2467
1484
2156
3516
8683
5006
2211
5690
9312
4802
3207
3248
2920
8989
338
5311
5310
5641
4806
802
1785
229
7798
6116
2810
2782
5727
825
7208
4618
952
1038
5026
627
8990
2721
1456
1106
4672
4652
8084
5044
4876
354
8483
5161
11532
5064
11024
4082
8151
8588
7158
6727
5218
2761
6177
1123
6917
1111
2881
2409
369
830
1498
4532
1165
3830
6734
4308
6937
11577
1911
2340
6473
4380
4119
5722
4425
7372
2144
6304
412
580
7630
175
172
4910
1852
7224
959
4771
6278
2807
527
1559
400
6746
5149
4844
552
551
5100
7576
116
114
3820
1452
3
6820
8236
6905
4500
149
8863
6895
426
4723
12256
816
5947
5781
8746
5733
6580
3617
3790
14762
12334
3414
6427
7179
3928
8509
4037
875
9775
1008
5101
6786
3849
7474
220
4139
4152
2708
5456
5028
4921
8783
11460
6723
9709
9676
6872
8169
4058
1060
2193
8316
1731
15094
5404
10486
8396
4213
5085
6639
313
7677
7241
916
53
1126
6084
2768
363
6951
2548
4325
1065
3904
604
7481
4194
5584
3393
7239
3437
701
253
8659
8295
6433
1837
3831
5480
3857
9073
3261
2639
14954
9942
7679
6640
1270
14611
17625
1025
2716
8119
9539
5168
8468
3318
10224
5495
10196
1426
502
4924
1416
2498
8723
1844
4874
453
12
574
11563
5305
3275
7451
4760
6230
8342
6614
6259
3022
3949
9135
611
612
849
2615
8507
1161
12330
10738
385
3458
1788
2366
2269
13499
5020
6226
150
4364
7204
4557
8410
1083
4929
3661
7095
4746
1568
5424
759
4620
3722
4362
4005
9014
432
7185
6497
1966
5871
6720
361
125
4009
3981
2572
1651
1799
401
3092
6233
3605
1048
4370
607
2643
603
13258
6753
2107
4055
1153
441
7748
333
5739
14738
3924
646
404
405
7434
1998
2825
5403
1116
2075
6929
8750
2671
4677
4674
7439
6914
19
1562
9372
3535
6632
7351
84
9107
4586
6090
16715
12298
2847
7507
7551
2376
8731
1397
4502
4670
2587
2780
7632
8368
5669
4225
11582
2017
8729
8446
9468
2981
3127
3957
3344
904
6592
10471
12804
4615
546
3628
3012
319
56
12494
1990
1100
2772
2770
12232
2108
2132
8505
419
9693
4628
4017
6326
2945
4866
1438
3050
8572
4106
3072
3298
3548
885
9683
783
886
784
1026
4145
1139
1506
9291
4545
6908
5406
976
7864
635
7948
4784
11575
4729
5283
508
2408
724
1466
747
970
989
7917
5013
3526
932
4473
980
9386
6483
6549
5032
3065
121
2490
7696
735
3925
3208
3323
5757
4134
8393
111
7567
1864
1120
2667
2406
2593
5822
6342
7295
4692
7155
5147
11792
8653
2803
2234
7936
6172
8319
5435
3456
4291
977
92
5861
2101
8970
2102
2756
8993
534
4826
5245
3037
1011
15146
4393
835
6085
7345
1946
1505
2113
1678
7983
3695
16404
7701
293
14642
972
94
3425
8873
3131
3827
782
2723
2450
1063
3511
8737
11476
5281
2699
2610
529
3848
4065
6769
4195
786
11552
8958
4248
5293
6305
6902
4387
7273
455
815
6115
10017
7162
7081
869
3922
2347
4517
1642
45
8274
341
7573
1528
3227
505
7902
1078
7148
879
68
3682
235
4736
5801
4559
946
8629
10600
7542
853
233
1503
345
7792
4842
4843
3479
504
7857
7952
8049
2912
1072
525
964
6651
4516
1015
1832
878
2337
1411
8148
7076
660
15280
9311
9277
6903
3114
3067
295
10834
6794
6695
7279
6590
4817
1064
3093
5808
324
5239
3188
4889
2743
6144
5889
4962
9296
3751
3672
6896
6208
471
10538
6688
1377
3634
6697
3889
8999
847
1129
3497
6947
5077
5001
219
651
5086
5286
926
1985
5000
6295
685
5201
306
668
4507
900
5066
2432
6666
1594
9758
9657
8485
2746
1469
8516
5862
4124
4250
249
266
106
8487
6736
10439
4853
2819
6340
501
1556
209
2536
1710
15212
4457
6287
2706
3076
8870
6247
95
484
485
1020
3081
3312
8281
832
7560
316
421
4782
4779
930
7970
1708
7174
4161
4461
14350
6027
4220
3640
1643
2317
4645
7025
6995
4649
6911
499
2245
5257
8825
5379
6682
8511
1402
6153
7331
1006
1957
1869
4142
263
855
2733
8348
8647
5890
1610
5642
577
427
2111
5137
2922
7394
2712
5052
4764
7526
5136
8648
6211
5004
6829
6154
6979
9993
7653
744
86
5322
6990
3190
634
8343
4501
257
1691
1841
2291
938
5189
5198
839
8303
1715
3106
6715
3740
11315
4993
760
3932
647
9661
7840
5033
5261
459
5097
14392
14195
7687
593
768
598
2541
217
7689
7688
2575
974
2988
4153
3823
5251
3708
7347
1145
3468
867
0
1656
2146
6628
7796
742
8506
512
3610
626
7694
1018
14961
5422
288
9078
8504
10142
2155
6920
3599
5199
386
3032
6485
5095
2083
2687
922
2191
11248
373
1637
10722
709
787
2239
1151
9301
9143
7855
4096
1443
4443
10264
483
5674
1036
3039
4421
5253
775
6014
2492
2489
4601
269
2197
4964
16249
4298
7705
540
1084
5027
10046
256
7010
9377
416
1090
4711
3256
4933
6159
2660
6320
134
6103
491
6429
8426
618
122
8401
4227
4226
1895
1442
4560
1809
5396
4013
6681
3643
3288
1578
2801
703
10877
4642
8244
625
358
6385
12917
1159
16497
8739
5434
3149
3568
3398
5128
4527
4259
296
9425
3205
2267
3976
6528
6544
4948
224
7982
3085
997
75
4982
4980
6352
2601
4722
7579
7400
2416
8684
10019
4829
4028
1921
78
5060
2224
9323
7815
7816
2509
8872
6635
63
444
4400
2693
4739
4738
4737
2916
4587
9951
15373
2624
1648
9400
7100
6978
4850
1659
798
3416
2700
3970
6012
14669
5291
5203
4197
4661
3938
3150
993
4112
3550
4111
4482
6480
9359
61
5102
2636
7114
331
4748
945
7874
8027
3937
3413
9818
3094
779
3748
576
1016
260
7951
4178
12910
6620
477
3834
4114
10575
10573
7717
3268
1967
1968
340
2736
7783
5607
2091
11364
10074
2546
8608
2050
4499
4691
6445
2357
2837
2970
2351
6822
968
8568
5870
12399
9671
12999
2130
858
857
4026
1373
4861
8966
