198
943
173
630
666
385
336
267
108
542
1004
589
433
445
573
799
91
62
342
1026
896
595
773
828
617
361
637
76
248
756
131
581
359
170
152
288
535
770
96
1021
851
889
864
378
219
242
924
578
428
946
892
444
310
928
753
1008
594
797
732
472
532
800
303
563
955
424
676
365
653
335
30
363
236
562
40
462
181
164
332
1001
1011
720
153
549
140
166
259
23
717
767
857
675
741
177
814
681
844
42
423
340
920
374
38
752
367
485
186
482
718
440
389
57
830
803
349
668
465
724
1016
951
901
110
370
641
734
399
778
598
985
408
635
159
300
114
512
525
513
875
320
235
684
615
751
410
239
387
565
328
21
118
158
538
380
302
897
530
678
736
923
511
810
603
33
189
762
716
316
834
15
515
633
479
876
292
933
981
963
224
128
793
613
426
656
220
922
414
909
583
411
83
150
854
816
885
616
577
36
427
782
85
476
269
611
126
188
927
230
502
821
508
710
1005
29
871
556
749
1031
823
1023
450
505
449
372
127
699
722
1010
176
249
229
70
761
279
988
766
209
243
891
1018
1022
228
89
690
832
200
475
210
250
293
190
26
976
784
246
987
498
351
31
393
809
671
872
244
744
651
211
709
860
2
56
261
252
455
1012
442
1020
620
1014
705
886
324
911
785
478
154
742
683
125
572
837
178
1033
592
522
148
523
291
271
694
79
27
921
965
650
59
975
60
691
278
14
1025
850
607
419
350
735
51
412
610
942
394
743
122
1019
544
979
618
357
49
995
345
568
44
519
550
39
564
456
204
807
432
1015
606
344
371
1042
632
3
43
467
1002
185
360
373
902
80
277
811
167
510
596
738
25
507
815
643
697
665
258
501
725
102
55
45
662
268
339
307
866
586
604
221
13
193
146
481
322
813
969
290
314
855
73
308
334
547
806
103
175
847
657
939
576
593
702
715
879
347
622
99
808
706
362
323
541
197
947
557
682
207
438
346
352
546
877
155
287
329
53
868
582
391
9
69
574
624
842
669
559
883
161
693
801
794
869
201
983
97
835
1
858
463
1034
910
934
763
162
580
90
548
395
413
113
687
294
301
130
679
904
156
534
853
50
626
497
882
106
1000
306
10
94
139
81
28
726
474
950
648
354
174
275
123
528
503
652
640
194
974
121
470
571
792
169
309
695
973
1009
421
984
63
558
937
480
805
105
776
561
202
721
19
588
311
218
364
779
223
496
11
862
216
688
1027
353
674
521
283
491
6
865
280
337
34
409
991
151
157
634
873
959
929
986
917
206
1024
529
195
1006
755
890
836
590
422
599
686
143
543
895
86
514
390
74
499
333
714
64
932
520
446
191
982
37
802
48
518
730
119
77
87
898
930
841
952
968
286
116
276
719
612
957
658
183
473
893
375
213
458
846
777
998
112
382
289
379
915
144
913
163
504
636
343
908
217
780
101
587
284
237
142
487
32
416
141
117
133
256
1003
849
597
305
226
859
168
509
184
100
338
318
1007
533
1037
72
867
912
111
254
8
452
439
368
711
888
1028
429
425
746
822
579
774
956
704
845
403
996
295
165
689
621
713
555
989
526
700
16
554
120
944
41
486
551
585
916
552
804
887
253
1035
46
247
95
356
938
707
225
602
266
205
824
299
471
539
262
65
17
1013
355
241
642
667
745
701
396
790
109
993
826
764
740
645
861
692
881
747
696
134
569
848
819
319
843
967
727
