794
1859
1136
1133
807
1664
3637
865
342
530
1288
218
1624
1912
1752
1840
1724
657
663
382
326
590
793
1198
237
535
171
728
1847
322
1748
401
1747
508
973
1443
1910
1151
1285
1137
764
474
791
1926
1740
655
1276
874
1323
1386
618
355
1654
288
656
1744
1
695
1867
381
1905
1146
1665
368
1741
1139
1056
522
723
352
1903
475
678
1956
1561
83
707
900
289
706
1522
340
1304
925
1533
1287
513
108
468
258
1653
1173
1174
1265
2474
626
670
449
321
238
359
3610
1804
491
520
524
1019
1565
338
2
390
601
1816
374
184
2278
1944
1806
792
3669
1615
1170
600
985
549
1895
1327
58
1872
1765
1108
2335
2130
1820
446
951
2958
2902
769
1413
221
1263
1954
1961
1134
721
266
1784
2195
1788
345
230
14
1846
88
339
226
1538
2509
1268
815
478
1838
718
2119
364
1760
1650
209
3596
697
161
722
1181
1807
349
784
1291
1737
1962
797
228
146
53
483
272
660
95
1870
3630
1197
164
1165
1745
569
197
101
2170
457
485
2074
1712
2075
1100
111
2149
701
1397
290
5
4
124
1866
3055
249
1810
1022
2030
293
1771
2358
1783
1792
1791
122
1830
3035
2943
0
895
185
2016
1802
1281
1555
128
885
1856
752
301
594
2882
2035
2067
3
25
688
605
44
396
496
1626
93
2197
1929
174
781
1269
302
1135
993
109
942
1111
275
1536
1179
178
191
291
1900
300
217
1904
3418
1907
484
1164
2203
2029
1887
162
126
195
286
13
74
796
1113
1010
2006
1183
2772
2985
1278
3057
490
907
586
1184
1836
1864
46
933
133
1156
1169
279
2971
2176
1201
331
1828
262
1009
2325
1090
1619
2853
73
427
915
608
431
1330
18
1821
1321
2209
837
1876
607
233
393
1750
1034
2060
937
2917
1918
1915
2142
1266
127
1789
547
34
1860
899
2300
1813
323
223
1279
358
2989
693
617
1089
1037
43
2820
438
330
2480
1988
353
1152
2160
1437
1274
479
400
582
3073
2188
324
239
3130
29
466
308
494
759
437
2741
214
406
1531
110
207
534
1097
219
616
1045
461
1157
144
298
1414
1024
378
151
1403
103
28
208
257
8
67
