523
423
254
1041
63
952
876
1322
1132
27
787
472
1151
1046
365
900
545
1290
123
368
1017
1129
932
231
584
1175
1343
1352
1131
255
668
46
380
1291
494
14
416
124
526
1297
303
1033
1243
616
384
477
383
1055
711
108
549
429
508
280
590
396
1226
814
564
1231
511
936
1268
3
864
1108
1198
798
1127
768
1362
101
898
719
211
687
1110
1388
457
1068
347
338
487
851
283
824
1265
66
1396
636
715
1219
510
789
187
1081
685
1035
1034
470
1354
624
1232
638
673
172
357
1011
71
64
196
1101
1136
1345
565
823
897
836
1299
343
827
1075
957
602
1310
1080
112
1237
1070
788
887
57
973
1143
323
282
430
561
1234
1244
524
253
24
258
654
987
1208
315
901
214
541
1332
260
405
296
390
865
839
822
1049
17
930
325
136
362
970
372
1306
1370
1
967
292
1027
553
1065
620
160
1350
1334
601
10
1312
1358
238
408
1363
567
1289
304
198
4
643
1324
439
332
1189
1342
1042
665
873
264
514
1102
659
1233
592
367
371
774
93
278
1168
140
1107
539
1007
1222
1385
852
971
1278
724
578
61
226
1188
506
498
1174
1235
1288
1114
817
157
644
676
747
168
263
1255
832
1013
786
712
800
1048
313
840
1141
895
1158
599
129
1079
349
965
841
1316
269
307
940
409
985
49
988
598
96
476
748
184
471
1057
986
38
497
1193
1165
1076
773
1314
392
1329
867
1100
1140
1275
698
889
235
432
1094
146
713
632
675
1148
406
606
82
614
648
1216
433
772
195
1124
835
454
39
600
677
751
358
1239
860
634
722
1190
244
158
1155
859
628
413
1373
335
1093
153
7
885
1157
689
1119
738
783
460
246
744
75
1261
43
248
1336
192
626
328
646
528
1337
1043
279
680
202
9
463
1128
1273
104
704
543
310
326
961
31
691
877
169
608
1164
512
1187
703
892
237
1249
513
700
1097
838
414
412
180
286
44
830
781
419
799
330
631
990
1321
1228
1088
702
725
503
329
937
621
336
1335
939
693
69
331
98
221
223
880
811
928
857
486
520
537
1380
391
1118
156
225
872
1375
11
151
803
586
1005
1202
934
1307
605
645
1194
375
318
862
1044
273
981
1074
261
191
1031
875
517
116
1302
1061
346
729
518
447
295
926
1186
451
1258
1359
1323
152
364
54
1066
376
1377
107
797
1098
1223
871
173
949
147
1282
393
826
203
385
132
629
265
377
916
627
395
1137
919
1133
350
47
81
1095
630
83
1002
312
1092
795
842
853
1040
1113
245
205
705
1159
896
164
1276
766
234
85
604
1161
933
363
660
109
581
1059
285
780
1371
266
904
222
1106
189
1069
450
182
1353
243
770
1245
1060
91
591
1029
99
589
915
212
740
213
943
913
1346
554
45
1105
1280
15
176
690
122
963
1246
1038
505
397
1397
1191
1311
618
208
294
699
1381
185
764
207
1125
241
30
848
1330
495
1215
944
400
733
428
239
667
997
1123
445
906
640
790
587
354
978
651
320
420
650
902
1251
1279
290
815
688
707
382
1257
120
964
694
0
252
623
5
708
219
76
955
716
215
975
500
929
461
488
769
639
765
197
813
1091
1284
163
649
466
1015
1325
1025
155
309
927
577
793
355
746
757
417
718
918
240
465
489
1271
796
1195
962
1063
257
194
1169
348
1364
1176
1103
426
1333
938
1347
1184
1082
914
79
717
777
655
111
1360
855
411
210
1327
1389
1152
816
1379
1121
1338
1153
1220
130
1256
550
80
542
62
1072
641
1357
1391
1111
1052
546
1134
458
131
633
992
22
1210
334
200
259
1014
610
1162
478
1211
1369
491
530
531
538
908
579
316
452
1185
227
353
456
59
274
145
327
1009
276
443
894
782
337
1252
1341
1382
966
386
299
808
767
504
555
144
1260
114
563
281
622
404
681
1012
23
20
701
652
1218
1021
68
41
1022
1320
856
249
183
190
72
653
519
1253
298
570
522
1281
960
669
306
1309
706
868
