1750
7122
4855
6915
717
37
3204
3205
454
104
7491
7490
5804
3257
591
5805
6076
40
5746
1406
5653
841
4355
2916
2917
8476
2003
4612
6225
0
3662
2919
3532
4595
131
572
4538
1586
3504
4683
1910
4345
5426
106
1716
4666
3811
5682
4159
5156
53
1410
3654
5441
1816
5668
2659
5951
7729
200
8510
590
4245
217
10679
10678
1745
5223
631
303
9274
9402
8799
8798
2313
1384
2576
4662
92
7884
8024
1327
2056
171
506
4664
1691
664
44
3835
1382
1044
4716
82
1548
1547
4971
1247
2445
10079
8674
480
683
7217
3579
3283
3781
4260
4262
479
5690
433
2024
2392
478
1033
3113
23
208
2134
4082
806
1210
2730
411
781
2366
1026
111
152
715
219
3056
501
542
3914
6281
6278
6541
697
2478
1723
577
719
6542
5866
1539
4621
394
67
3798
4418
381
206
269
571
8029
339
5790
635
95
1659
1902
2170
604
1140
3453
690
682
3339
5973
299
550
36
868
251
2222
7948
867
2608
1966
250
47
415
1249
865
7788
316
9151
2288
1071
957
728
268
2835
803
38
5214
1263
873
505
4303
3327
5072
659
71
2872
451
450
2090
3320
4320
7942
2798
11779
89
5887
65
3887
3524
2674
2165
516
7436
2084
3201
8568
7086
1850
2900
198
3427
2160
7822
2807
384
259
1361
1349
230
1240
1860
4319
6059
6393
4228
6062
7141
7142
8403
4014
4016
1483
5299
4606
4181
1710
51
3188
2747
4085
9277
6515
8023
5255
3639
6155
6156
6788
7119
4628
1477
6374
6373
2484
4889
6974
4906
9034
3640
5760
6079
1967
632
807
2542
1571
8939
718
2753
504
3929
3345
4105
143
5261
1290
1424
6239
5131
3855
4210
2701
8155
10335
1149
2797
5561
2796
11627
11630
11629
11613
10146
11631
11625
11611
11614
11619
9203
11620
11616
9202
11609
11615
7781
10289
9505
9199
11618
716
7087
11069
4168
9198
11623
5314
11757
11624
9206
9172
2834
1947
4600
1842
5312
658
11617
11064
9257
9205
4605
4680
4574
5306
9082
7333
11065
11628
9204
10154
3386
2023
11070
5315
11621
7335
10758
1362
6709
9208
10924
10311
5622
4065
11068
9298
11608
9927
5305
10684
4899
2463
2107
7338
5099
7929
2363
6715
9197
6190
5621
237
11067
4372
4261
8022
11622
2821
10139
8965
3570
4559
4015
271
912
11271
11173
7931
9301
4684
2080
6324
7209
7264
6284
5817
6640
10361
9578
3619
9102
4332
9558
7413
8633
5680
10103
4602
4778
5659
3727
5922
11499
5524
10955
6371
1688
5797
4129
9689
10340
10577
6790
5905
4099
7037
5972
11204
7118
7908
5237
2357
1936
6536
7350
4961
11667
8628
9912
7780
6436
3746
8688
2950
11844
8540
4469
5307
7488
5863
6899
11677
11795
11308
8407
10032
4960
8920
9764
10173
8035
5030
2333
9409
6654
11264
4097
5371
10570
6389
2560
10536
6954
9974
9572
5046
10631
4796
11347
10313
7927
8270
10873
213
8269
8118
5155
10682
5252
11665
937
10543
7270
5707
2514
7332
6629
5113
7934
8144
10220
1310
2254
7045
2738
11482
8208
8250
5995
6661
7181
7526
3605
8158
8977
9207
5138
2844
6713
3970
8166
4031
5488
11235
7479
2104
9056
2244
5182
4364
5071
2073
5066
5020
3957
681
6598
5945
8073
9929
151
8396
11063
9472
4956
7160
11824
6041
808
6493
7512
9419
8662
9906
8197
10400
2658
10742
8762
1634
9368
4394
1808
1430
8481
6226
3277
5941
2246
2404
3742
4726
3600
7812
10097
5489
7504
4471
10775
4425
7941
9403
1066
1219
8547
7365
5019
6309
6025
6425
8282
8715
633
1359
1358
6800
714
5435
10531
7315
8467
5057
6331
1730
5620
2209
1530
9387
2224
5874
9243
12146
10503
7530
7574
3483
5704
2044
5180
11134
3373
4905
4420
5267
7787
2442
8780
5810
5959
3609
9756
5548
2438
35
1649
1620
6326
5558
1944
4173
5292
2061
6989
11731
7457
178
2408
4954
6024
7853
5943
2062
1261
3650
3241
9035
11371
8496
8683
4465
16
5
7466
5802
7057
7982
10594
9211
6409
6067
5310
3837
8961
427
11144
9984
4805
2228
9986
6815
41
6618
9988
6518
6248
9787
12112
6193
7641
10673
9107
5348
7633
11548
7823
7048
4165
10852
8673
10472
4862
2265
4848
431
10752
10098
4520
6435
710
9594
11806
11921
3801
10779
7206
7395
10330
7323
5147
5145
12127
2830
10772
7784
6710
3227
12193
10440
5256
6792
4973
2991
296
7524
6775
1172
2829
4761
9393
5868
5867
6584
10842
11397
4164
9516
2625
6219
6220
4591
4592
5703
10357
7336
5290
6183
2356
4987
5439
5442
9081
3341
9532
4497
7230
4389
5981
4216
2510
317
6981
4192
9108
4607
4193
10588
2593
1722
8989
974
7732
2045
7324
11004
10724
6975
7407
9827
6095
1160
10373
6550
5195
5413
46
7120
9133
5807
10000
5794
5787
4123
9136
286
4532
7489
9018
3284
7134
10024
6441
6140
6141
11579
4153
3015
582
4627
4409
7010
4478
894
10052
1952
8422
7645
838
1163
2505
9483
9596
6439
744
8500
7478
369
10066
4958
2726
11768
4454
10310
6566
9015
925
4542
2915
4370
11584
10080
7605
7311
4100
4101
11438
6385
1248
9152
4673
9830
9732
2025
8584
6606
4950
10222
9266
11717
5446
11211
9091
409
9649
8574
5953
10075
1104
4209
4211
8923
5852
5851
4081
1784
9503
4849
4498
4850
10655
11580
6729
10296
6754
4814
4813
10656
1806
11813
150
1847
2577
11743
2539
9484
5952
3632
1605
4060
11950
168
1092
8072
10489
3340
5969
5116
5301
5230
6672
6297
7331
11573
5254
8051
9140
9134
9110
8561
3022
1919
12134
5445
6250
7009
2664
900
6244
11483
5003
1604
10019
5691
6176
4943
4646
3987
8256
4166
1824
7322
8587
10277
7506
10583
10371
4215
8975
2042
12130
4837
9273
6061
12129
9384
9281
2365
6745
4087
5026
4154
9350
72
828
7385
3528
1145
10457
2241
4665
8959
1301
1648
9237
6485
10834
5204
10442
10826
10827
4224
4223
4052
4061
9493
9494
5630
5631
9475
12153
7763
11112
4092
3337
3336
8114
8116
4094
4095
4915
2622
7936
1583
7922
5830
5832
9736
9735
2595
2596
1027
9740
2019
5619
7227
7229
249
7267
5503
5501
225
584
6196
9738
9739
1197
7513
6927
10491
2907
10595
10418
11300
1418
6719
5109
11852
1325
9597
9229
9711
4391
4392
1229
9517
729
12114
2679
1321
7416
5309
407
1897
158
5080
1018
5698
60
12113
1807
4231
6574
670
4322
5362
8332
7791
79
3553
8432
5854
456
7841
6126
7966
4131
4648
61
1849
7790
2171
4030
12027
110
9699
11260
5389
2612
8307
11949
6647
7232
5806
6181
3582
4803
50
7683
9577
177
1705
5901
10900
6440
9177
7242
4292
2840
720
10006
5745
4611
6430
4467
5998
5750
5791
5918
6545
4604
9723
1195
1315
1314
1562
1317
6684
4514
5231
9304
4698
1679
7521
926
7879
940
4546
4682
5028
6195
393
6685
9395
1637
7195
5438
977
7859
4557
6714
11604
3889
3888
638
7903
228
3238
12159
3240
3239
4278
8101
9070
6749
511
5694
7640
10725
4995
3374
11669
3859
9148
2802
11725
6287
8866
6216
2004
396
2626
10465
10669
10672
10671
12195
8910
9231
2341
8925
7025
6423
314
12131
12132
8805
494
11312
8804
1903
3603
5623
5907
5910
5909
733
4930
1491
2631
11276
4966
4964
321
322
4239
2274
2272
2334
6638
7967
8306
3527
9981
726
7437
3249
576
4937
4936
1212
3787
11457
9248
1115
6354
11305
8385
6787
6786
8309
9104
6963
8471
9196
7275
8945
1627
7959
976
7300
5675
5673
1444
5674
8202
1379
1943
3492
7728
3493
4424
8206
11632
5455
5453
5452
5592
3663
5594
856
6468
6469
4502
3154
8272
6386
6387
11362
4766
5914
4925
2541
2540
5125
5482
5481
5527
8823
11066
4545
2264
4543
343
4914
7930
2925
2924
7452
3325
2813
8027
4913
1257
11295
11294
7339
3810
4924
4858
9722
8911
3511
3731
7124
7123
209
4017
9302
3966
491
493
4155
11594
11593
5759
11937
4558
11607
6716
8995
8996
5535
5533
5534
5532
4349
4350
5269
3657
10263
3856
7866
6391
7303
6058
7377
4279
5585
9149
6748
11132
5693
7639
12102
4451
9428
7289
11342
10730
6149
944
5337
11947
5324
5460
2785
9200
4078
4080
1116
7194
11436
2119
3788
5304
592
3459
7330
9299
4553
11603
6717
10680
11884
7863
4280
3857
7877
6245
5587
6743
12101
7638
5697
11130
9150
9429
9141
12088
6602
10168
11490
10272
7290
4997
5334
11944
9192
5233
9283
10970
11302
10726
8572
4953
6148
8323
6347
12172
10907
2422
8862
8195
8300
8245
5463
10620
5326
9990
5224
12019
9803
4057
5192
11076
9359
10053
9087
5406
3476
9553
6575
11506
11917
3590
5212
4340
6651
5509
7507
11513
7871
11246
11612
2856
4751
7952
7954
3099
3100
4384
3503
5648
5647
7282
12062
6511
4523
10828
4354
4199
6953
10012
4075
9235
7988
7997
6207
5329
11587
5626
8624
11811
10325
10388
6442
9581
4897
5506
11399
9222
9311
10788
9377
7665
6037
6131
8508
9619
7555
9621
6755
6875
8766
5846
2470
10533
5153
4493
5660
4145
11986
9834
11799
8042
6588
10814
6995
7850
9123
7360
8039
9727
5076
3991
9585
5643
4270
2557
6766
11656
11655
1854
3803
2651
11468
10649
8240
8686
8210
5210
11651
4380
9086
4341
9969
5510
11243
2212
3587
5405
9771
3115
4301
5601
7872
11509
8861
6302
5102
10336
11516
7510
4161
11074
9550
6648
5189
11914
6075
8043
7357
4641
9748
6401
4138
546
8298
12173
8194
9142
12187
5427
7340
5336
11948
5728
3559
12100
7102
4277
126
11582
8678
9259
4828
3858
10968
9427
10411
6221
10908
6345
6962
10619
12198
7156
7138
5225
9804
5462
4381
10166
8399
12087
9993
5325
12015
5583
12002
6247
6877
5354
9513
3612
9303
9307
9308
8310
6746
7409
7410
11131
9284
11493
4993
9190
8730
8729
11345
10729
7293
9680
4949
6151
8573
7865
5696
7636
7881
11153
11154
10681
11254
11606
9194
9147
4556
5303
6707
4845
4846
1932
954
4622
4623
6488
6490
2675
2673
7196
9569
10049
10050
11626
11633
9195
9201
930
3482
7503
7502
10100
8168
7283
2205
5288
5287
4524
4525
1056
2847
8693
215
8239
1941
5308
5311
7337
7334
10459
11284
10829
9120
7111
6102
5169
5171
7849
3713
6664
6735
4687
4685
8694
1776
8894
8893
6006
6029
9751
9750
7236
7237
10480
5149
8030
302
9921
9337
11105
11106
8948
8941
7757
1120
8433
1856
5848
5849
9300
9247
7392
7393
10496
5420
4693
4694
4282
4281
9963
9964
9665
9666
6631
6632
8420
8421
3691
477
9703
9694
4635
4633
9872
1443
6567
6568
5424
1671
4077
4076
6320
6322
3538
3537
6513
6512
552
94
4047
4046
10431
10430
4054
8484
11148
11147
9972
9971
9947
5913
4578
4577
2801
371
10017
10016
12170
12169
9600
9599
11149
6154
7977
7978
11672
11671
8461
8462
4940
6846
10110
10111
5184
5183
6363
6364
10092
10112
908
2869
9411
3571
6276
6275
424
8401
2198
7422
8260
8262
9709
9707
10477
10476
8274
8275
7108
7110
7969
7970
7957
7955
7063
7064
4976
4977
8719
8718
1409
10004
795
10952
4712
4711
11214
11215
8111
8109
9527
9529
11217
11218
11576
11577
11334
11333
12118
12116
6947
6949
7388
7389
11428
11429
9811
9809
11873
11872
12066
12067
6982
6983
10356
10355
11825
11826
9059
9058
12163
12162
4531
4530
6667
6668
6767
1706
7294
7296
4306
2636
8887
8889
12005
12006
11437
10018
7663
7661
4989
4990
5590
467
3861
3860
7254
1398
11881
11882
11815
11817
7669
7670
2533
3272
8211
8209
6794
6795
8685
8477
11469
11467
11357
11358
9777
9779
7592
7594
4309
4308
5552
5550
4328
4327
4433
4432
8555
8554
11605
10106
5701
5700
9855
9857
7040
7039
5880
5881
9676
9677
7070
7069
11039
4107
11099
5751
949
953
7613
10269
8033
8032
2729
9306
10969
800
9744
9745
3913
3915
6243
6246
6986
6988
11955
11954
12186
12188
4746
4744
6198
7723
8038
8040
899
1711
4032
932
4984
4981
9510
9509
9258
6785
6994
6993
4626
4624
8324
1579
6167
3677
10812
10813
7358
7359
4146
4144
5584
5586
6124
7913
2706
2707
6946
6945
8839
4106
9942
9943
10557
10558
11798
11797
10647
10648
5845
5847
9835
3575
4066
2008
7226
6357
1192
10683
7693
7691
1866
3978
4491
4492
5662
3613
4156
4158
7429
7428
5505
5504
8034
3464
8263
8264
10295
10293
5128
1717
763
2339
4934
2737
7597
7598
5232
7103
9814
9813
7078
4180
5335
5339
4959
3245
9643
9644
10534
10535
11946
11945
8088
10541
5428
5425
10785
10786
9646
9645
3462
7829
119
4247
6589
5091
4560
4554
10303
10302
11792
11790
8083
4074
5134
5133
8739
8738
6040
6039
9886
9887
6621
10011
6782
3608
10046
10045
5624
5627
10324
10326
8623
8626
9253
9254
11250
11251
7666
7667
1342
9080
4731
4730
5744
4406
8507
8505
6443
6444
11808
11810
7864
7867
6132
6130
8944
8943
9234
9233
2005
9726
8299
8297
9313
6797
11398
11401
6747
6744
2231
9617
9375
9374
10565
10564
8653
8651
6712
6711
9225
9223
10556
10555
10933
10932
7162
7163
11857
11855
8266
8265
4104
4103
8637
8636
2387
6333
1976
4201
2425
4898
6951
6952
6696
3050
9119
9118
11586
11589
9512
9511
7558
7557
10633
10634
7844
7846
5075
5073
9622
9623
2407
7996
9430
9426
7986
7987
8193
4289
9048
1499
5328
5330
723
223
9801
5571
4676
4675
6400
6399
10706
10704
3791
3790
8322
8398
7705
7703
9582
9584
9491
9490
10771
10773
4856
6572
12003
4547
9914
9915
4891
4890
11256
11255
10517
10519
10387
10386
6757
6758
7951
8915
11942
11939
6872
6874
5650
5651
11598
11599
6677
6679
11759
11758
8469
7084
11989
11988
11075
6860
4055
507
12089
10616
5819
5820
7356
7355
8655
6215
9042
9041
3023
3021
11195
11194
11649
11650
9083
9084
759
758
9749
9747
5191
5190
2058
9278
4264
6043
4572
3367
5402
5403
8903
8902
11420
11422
5946
2788
6551
5652
11778
11780
10274
10275
3114
3112
7874
7870
11515
11514
6301
6304
4945
4947
11505
11508
7878
7876
4339
4338
7964
7965
1000
999
9385
6604
6652
6649
9968
9967
6194
6192
6078
6077
9267
9344
6671
6670
3475
3474
3589
3586
10337
10334
7019
7508
4163
4160
5511
5508
5598
5600
6073
6072
5209
5211
10167
10169
11913
11915
11245
11244
10809
10810
4453
4452
4810
5107
9718
9716
9768
9770
10456
10454
8661
8659
7563
7565
9760
9761
4387
4300
4820
4819
11907
11906
6280
6279
9552
9551
8936
8938
10524
10525
8676
8677
11585
11583
5355
3454
5692
5140
7635
7637
8311
8305
8562
4267
9576
4356
11491
11492
6878
4177
4994
4996
7291
7292
3556
3558
5727
5730
9191
9193
4631
4632
2256
1895
10905
10906
6346
6348
12196
12197
8352
6101
8056
8055
5808
5809
6893
7709
4331
4948
6153
6152
4951
4955
9679
9681
9871
9869
11346
11344
9285
9282
10727
10728
8569
8570
5323
5322
10621
10622
12018
12016
7140
7139
4269
4268
5465
5464
9989
9992
6676
6674
10410
10412
8404
8402
9806
9805
5226
5222
8246
8247
